2011/06/03,830,834,822,822,390,500,822
2011/06/06,822,823,813,815,1,005,400,815
2011/06/07,813,821,812,821,148,400,821
2011/06/08,817,822,817,822,86,500,822
2011/06/09,817,819,814,819,858,900,819
2011/06/10,827,831,821,822,283,300,822
2011/06/13,817,819,814,818,57,200,818
2011/06/14,818,830,818,829,301,900,829
2011/06/15,835,835,829,832,38,900,832
2011/06/16,822,827,819,819,70,100,819
2011/06/17,821,823,809,810,2,280,800,810
2011/06/20,814,819,813,814,631,500,814
2011/06/21,818,822,816,821,451,900,821
2011/06/22,827,837,827,837,324,800,837
2011/06/23,831,837,829,833,167,100,833
2011/06/24,834,841,834,841,377,700,841
2011/06/27,837,838,831,832,239,800,832
2011/06/28,838,842,836,836,50,200,836
2011/06/29,845,853,845,853,1,185,500,853
2011/06/30,855,857,852,857,256,900,857
2015/08/24,1,542,1,546,1,492,1,494,2,127,900,1,494
2015/08/25,1,439,1,520,1,421,1,448,2,667,200,1,448
2015/08/26,1,451,1,495,1,445,1,488,1,438,200,1,488
2015/08/27,1,524,1,535,1,508,1,511,925,300,1,511
2015/08/28,1,554,1,567,1,544,1,561,342,800,1,561
2015/08/31,1,554,1,555,1,536,1,546,173,600,1,546
2015/09/01,1,537,1,539,1,489,1,490,534,700,1,490
2015/09/02,1,461,1,505,1,458,1,475,725,200,1,475
2015/09/03,1,498,1,509,1,485,1,485,170,800,1,485
2015/09/04,1,496,1,496,1,440,1,453,1,166,100,1,453
2015/09/07,1,443,1,465,1,427,1,457,437,600,1,457
2015/09/08,1,457,1,462,1,425,1,427,807,100,1,427
2015/09/09,1,477,1,518,1,470,1,514,415,400,1,514
2015/09/10,1,475,1,492,1,465,1,489,366,400,1,489
2015/09/11,1,465,1,500,1,465,1,492,119,500,1,492
2015/09/14,1,499,1,499,1,471,1,474,396,500,1,474
2015/09/15,1,480,1,501,1,472,1,473,668,400,1,473
2015/09/16,1,488,1,493,1,477,1,483,346,500,1,483
2015/09/17,1,498,1,505,1,489,1,503,580,700,1,503
2015/09/18,1,492,1,492,1,470,1,475,515,800,1,475
2015/09/24,1,451,1,454,1,437,1,437,1,014,200,1,437
2015/09/25,1,442,1,466,1,433,1,466,692,300,1,466
