2011/06/03,20,400,20,680,20,350,20,580,3,525,20,580
2011/06/06,20,390,20,400,20,240,20,280,2,311,20,280
2011/06/07,20,260,20,360,20,260,20,330,1,515,20,330
2011/06/08,20,340,20,370,20,100,20,110,3,003,20,110
2011/06/09,20,140,20,150,20,040,20,050,4,232,20,050
2011/06/10,20,020,20,080,19,910,19,930,5,087,19,930
2011/06/13,19,800,19,890,19,730,19,880,4,115,19,880
2011/06/14,19,760,20,090,19,730,20,080,4,121,20,080
2011/06/15,20,100,20,100,19,900,19,910,1,510,19,910
2011/06/16,19,850,19,870,19,700,19,760,1,941,19,760
2011/06/17,19,800,19,800,19,620,19,700,2,911,19,700
2011/06/20,19,530,19,670,19,200,19,200,6,911,19,200
2011/06/21,19,300,19,470,19,130,19,200,2,772,19,200
2011/06/22,19,200,19,320,19,160,19,200,4,773,19,200
2011/06/23,19,110,19,200,19,040,19,090,3,830,19,090
2011/06/24,19,160,19,730,19,130,19,650,6,285,19,650
2011/06/27,19,700,19,870,19,630,19,850,1,713,19,850
2011/06/28,19,860,19,950,19,610,19,670,2,473,19,670
2011/06/29,19,820,19,830,19,550,19,550,4,229,19,550
2011/06/30,19,560,19,760,19,350,19,700,6,990,19,700
2015/08/24,31,550,31,900,29,800,30,500,7,406,30,500
2015/08/25,27,600,30,500,27,600,28,920,5,239,28,920
2015/08/26,30,100,30,400,28,800,30,200,3,591,30,200
2015/08/27,30,900,31,850,30,600,30,700,4,958,30,700
2015/08/28,32,800,32,800,31,800,32,450,4,835,32,450
2015/08/31,32,600,32,850,30,600,31,600,2,692,31,600
2015/09/01,31,050,31,350,30,300,30,650,2,894,30,650
2015/09/02,29,700,31,200,29,600,30,200,3,510,30,200
2015/09/03,30,550,30,650,29,930,30,000,1,088,30,000
2015/09/04,30,000,30,050,29,040,29,730,1,425,29,730
2015/09/07,29,120,30,300,28,770,28,980,3,925,28,980
2015/09/08,28,910,29,190,28,010,28,880,1,901,28,880
2015/09/09,30,100,30,600,30,050,30,450,2,886,30,450
2015/09/10,29,750,30,850,29,560,30,700,1,018,30,700
2015/09/11,30,850,30,950,30,450,30,900,480,30,900
2015/09/14,30,850,30,900,29,960,29,960,1,225,29,960
2015/09/15,30,000,30,700,29,900,30,250,1,934,30,250
2015/09/16,30,150,30,250,29,930,29,970,618,29,970
2015/09/17,30,750,31,000,30,450,30,800,2,130,30,800
2015/09/18,30,200,30,700,30,050,30,500,741,30,500
2015/09/24,29,890,30,500,29,890,30,150,303,30,150
2015/09/25,30,350,30,350,29,860,30,000,346,30,000
