2011/05/25,610,610,610,610,7,300,610
2011/05/26,609,610,609,610,1,000,610
2011/05/30,611,613,611,613,200,613
2011/05/31,611,611,611,611,500,611
2011/06/01,607,613,607,613,200,613
2011/06/02,607,607,607,607,300,607
2011/06/03,610,610,610,610,200,610
2011/06/06,600,609,600,609,600,609
2011/06/07,614,614,614,614,100,614
2011/06/08,623,623,615,618,1,700,618
2011/06/09,625,625,613,613,400,613
2011/06/13,603,607,603,607,200,607
2011/06/14,606,609,606,609,200,609
2011/06/20,608,608,595,596,1,000,596
2011/06/21,600,600,598,598,600,598
2011/06/24,598,598,598,598,200,598
2011/06/27,598,598,598,598,100,598
2011/06/28,598,598,598,598,700,598
2011/06/29,600,602,600,602,400,602
2011/06/30,606,606,606,606,100,606
2015/08/20,1,100,1,100,1,100,1,100,1,000,1,100
2015/08/21,1,032,1,032,1,032,1,032,200,1,032
2015/08/24,1,033,1,034,990,990,3,100,990
2015/08/25,870,999,869,999,3,000,999
2015/08/26,951,983,951,982,2,500,982
2015/08/27,1,032,1,032,1,001,1,001,900,1,001
2015/08/28,1,001,1,039,1,001,1,039,2,100,1,039
2015/08/31,1,039,1,040,1,039,1,040,200,1,040
2015/09/01,1,040,1,043,1,025,1,025,5,100,1,025
2015/09/02,990,1,020,990,1,020,700,1,020
2015/09/03,990,990,990,990,200,990
2015/09/04,987,987,982,982,800,982
2015/09/07,979,979,979,979,900,979
2015/09/08,975,975,975,975,200,975
2015/09/09,979,981,979,981,700,981
2015/09/10,956,980,956,980,1,100,980
2015/09/11,1,001,1,004,982,982,1,400,982
2015/09/14,1,000,1,000,982,992,900,992
2015/09/16,977,992,977,992,400,992
2015/09/18,982,987,982,987,800,987
2015/09/24,1,000,1,000,1,000,1,000,300,1,000
2015/09/25,1,005,1,005,1,005,1,005,100,1,005
2015/09/28,990,990,990,990,100,990
2015/09/29,990,990,990,990,600,990
2015/09/30,980,980,979,980,400,980
2015/10/01,978,987,978,987,500,987
2015/10/02,999,999,999,999,100,999
2015/10/05,999,1,007,999,1,007,1,300,1,007
2015/10/08,1,001,1,001,977,977,4,400,977
