2011/05/11,925,925,925,925,90,925
2011/05/12,918,918,918,918,110,918
2011/05/13,909,909,900,900,120,900
2011/05/16,903,903,889,889,190,889
2011/05/19,898,898,898,898,10,898
2011/05/20,900,900,900,900,70,900
2011/05/23,893,893,887,887,60,887
2011/05/31,900,900,900,900,20,900
2011/06/02,900,900,900,900,10,900
2011/06/06,915,915,878,878,20,878
2011/06/08,868,885,868,885,100,885
2011/06/10,894,895,894,895,100,895
2011/06/16,955,955,881,899,70,899
2011/06/17,900,900,887,887,610,887
2011/06/20,887,887,887,887,80,887
2011/06/21,872,893,872,893,13,870,893
2011/06/22,907,907,906,906,60,906
2011/06/24,910,910,910,910,10,910
2011/06/28,913,913,913,913,110,913
2011/06/29,924,927,920,920,1,340,920
2015/06/08,1,870,1,939,1,870,1,939,470,1,939
2015/06/09,1,853,1,883,1,852,1,852,620,1,852
2015/06/10,1,823,1,850,1,823,1,826,720,1,826
2015/06/11,1,858,1,880,1,827,1,847,1,200,1,847
2015/06/12,1,860,1,880,1,848,1,880,3,670,1,880
2015/06/15,1,920,1,920,1,852,1,862,570,1,862
2015/06/16,1,862,1,862,1,853,1,853,30,1,853
2015/06/17,1,893,1,893,1,846,1,846,130,1,846
2015/06/18,1,844,1,849,1,838,1,849,100,1,849
2015/06/19,1,841,1,877,1,835,1,859,670,1,859
2015/06/22,1,832,1,877,1,832,1,860,1,780,1,860
2015/06/23,1,870,1,908,1,870,1,872,690,1,872
2015/06/24,1,884,1,924,1,884,1,900,490,1,900
2015/06/25,1,900,1,926,1,900,1,900,1,080,1,900
2015/06/26,1,882,1,914,1,882,1,914,430,1,914
2015/06/29,1,886,1,887,1,854,1,870,6,480,1,870
2015/06/30,1,885,1,890,1,851,1,863,3,090,1,863
2015/07/01,1,896,1,909,1,896,1,909,5,530,1,909
2015/07/02,1,948,1,948,1,883,1,885,1,080,1,885
2015/07/03,1,886,1,910,1,878,1,910,2,440,1,910
