2011/06/03,352,352,344,348,8,500,348
2011/06/06,348,348,342,343,1,300,343
2011/06/07,341,342,341,342,2,500,342
2011/06/08,345,348,341,348,3,000,348
2011/06/09,344,344,343,343,1,400,343
2011/06/10,345,348,345,348,5,900,348
2011/06/13,341,342,339,341,9,300,341
2011/06/14,339,344,339,339,4,000,339
2011/06/15,342,342,339,339,1,300,339
2011/06/16,339,340,339,340,5,300,340
2011/06/17,340,340,333,333,14,900,333
2011/06/20,329,333,329,329,8,400,329
2011/06/21,333,333,331,331,3,400,331
2011/06/22,332,334,332,334,500,334
2011/06/23,334,337,334,334,2,200,334
2011/06/24,334,334,329,329,8,300,329
2011/06/27,328,328,327,328,6,900,328
2011/06/28,328,330,328,328,1,100,328
2011/06/29,332,332,327,327,6,000,327
2011/06/30,332,335,332,335,7,000,335
2015/08/24,386,386,371,371,4,400,371
2015/08/25,363,370,363,370,1,800,370
2015/08/26,370,371,365,369,1,700,369
2015/08/27,370,370,367,367,2,100,367
2015/08/28,365,375,365,370,11,500,370
2015/08/31,372,372,372,372,400,372
2015/09/01,372,372,372,372,300,372
2015/09/02,370,370,363,366,2,400,366
2015/09/03,364,364,364,364,400,364
2015/09/04,364,364,360,360,1,100,360
2015/09/07,360,360,355,355,2,100,355
2015/09/08,359,359,356,356,500,356
2015/09/09,356,361,356,361,700,361
2015/09/10,364,390,363,363,20,500,363
2015/09/11,368,368,368,368,100,368
2015/09/14,365,365,363,363,900,363
2015/09/15,362,362,360,360,1,000,360
2015/09/16,360,360,360,360,100,360
2015/09/17,360,370,360,361,3,500,361
2015/09/18,367,367,367,367,700,367
2015/09/24,366,366,358,358,1,400,358
2015/09/25,365,365,360,365,1,200,365
2015/09/28,359,359,358,358,1,200,358
2015/09/29,356,364,355,355,1,100,355
2015/09/30,360,360,345,346,3,400,346
2015/10/01,345,346,345,346,1,100,346
2015/10/02,350,350,341,342,2,400,342
2015/10/05,345,350,345,349,3,800,349
2015/10/06,368,368,350,350,4,800,350
