2011/06/03,12,100,12,100,12,030,12,060,30,404,12,060
2011/06/06,12,090,12,120,12,080,12,100,17,852,12,100
2011/06/07,12,070,12,100,12,060,12,090,14,173,12,090
2011/06/08,12,080,12,080,12,000,12,040,31,703,12,040
2011/06/09,11,970,12,010,11,960,11,990,12,964,11,990
2011/06/10,12,080,12,100,12,030,12,030,14,050,12,030
2011/06/13,11,980,12,040,11,970,12,000,38,372,12,000
2011/06/14,11,870,11,920,11,840,11,920,29,364,11,920
2011/06/15,11,980,11,980,11,950,11,960,15,637,11,960
2011/06/16,12,060,12,060,12,010,12,010,25,659,12,010
2011/06/17,11,990,12,020,11,980,11,990,11,423,11,990
2011/06/20,12,020,12,040,12,000,12,010,7,487,12,010
2011/06/21,12,040,12,060,12,040,12,060,10,172,12,060
2011/06/22,12,090,12,100,12,070,12,090,3,946,12,090
2011/06/23,12,130,12,150,12,110,12,110,16,808,12,110
2011/06/24,11,970,11,980,11,930,11,950,18,846,11,950
2011/06/27,11,750,11,850,11,750,11,810,26,201,11,810
2011/06/28,11,810,11,830,11,790,11,790,8,667,11,790
2011/06/29,11,870,11,900,11,850,11,880,10,849,11,880
2011/06/30,11,900,11,900,11,840,11,860,9,101,11,860
2015/08/24,13,580,13,580,13,400,13,430,16,443,13,430
2015/08/25,13,160,13,300,13,130,13,160,10,951,13,160
2015/08/26,13,060,13,070,12,960,13,040,7,927,13,040
2015/08/27,12,940,13,000,12,920,12,950,3,586,12,950
2015/08/28,13,050,13,130,13,040,13,130,2,546,13,130
2015/08/31,13,170,13,190,13,120,13,170,1,329,13,170
2015/09/01,13,170,13,240,13,160,13,200,2,704,13,200
2015/09/02,13,060,13,130,13,060,13,110,1,068,13,110
2015/09/03,13,080,13,100,13,050,13,080,3,088,13,080
2015/09/04,12,970,12,970,12,840,12,870,3,576,12,870
2015/09/07,12,780,12,870,12,730,12,860,2,741,12,860
2015/09/08,12,810,12,830,12,770,12,810,1,679,12,810
2015/09/09,12,910,12,980,12,900,12,980,2,371,12,980
2015/09/10,12,780,12,830,12,710,12,810,2,027,12,810
2015/09/11,12,840,12,890,12,840,12,850,439,12,850
2015/09/14,12,800,12,820,12,770,12,790,793,12,790
2015/09/15,12,790,12,800,12,720,12,720,853,12,720
2015/09/16,12,760,12,760,12,720,12,730,594,12,730
2015/09/17,12,940,12,970,12,920,12,960,1,056,12,960
2015/09/18,13,000,13,030,12,940,12,950,1,287,12,950
2015/09/24,13,050,13,060,13,010,13,030,1,909,13,030
2015/09/25,13,230,13,260,13,180,13,220,3,231,13,220
2015/09/28,13,240,13,240,13,190,13,190,3,187,13,190
2015/09/29,12,990,13,000,12,890,12,900,3,605,12,900
2015/09/30,12,920,12,960,12,910,12,940,746,12,940
2015/10/01,12,810,12,860,12,800,12,840,1,164,12,840
2015/10/02,12,790,12,800,12,770,12,800,1,499,12,800
2015/10/05,13,060,13,080,13,030,13,030,1,599,13,030
2015/10/06,13,100,13,140,13,090,13,090,2,636,13,090
2015/10/07,13,200,13,230,13,190,13,220,1,898,13,220
2015/10/08,13,160,13,160,13,110,13,120,961,13,120
