2011/06/01,802,802,750,750,400,750
2011/06/02,754,777,748,777,1,600,777
2011/06/03,777,777,777,777,1,000,777
2011/06/06,767,801,767,801,600,801
2011/06/07,790,790,790,790,100,790
2011/06/08,790,799,780,780,900,780
2011/06/10,800,800,800,800,500,800
2011/06/13,745,756,745,752,2,600,752
2011/06/14,760,760,760,760,600,760
2011/06/15,766,766,766,766,400,766
2011/06/16,777,781,777,777,700,777
2011/06/17,785,785,785,785,500,785
2011/06/20,780,780,775,775,600,775
2011/06/21,775,780,775,780,1,300,780
2011/06/22,780,787,780,787,1,300,787
2011/06/23,789,789,789,789,600,789
2011/06/24,789,789,789,789,700,789
2011/06/27,789,789,789,789,1,600,789
2011/06/28,702,732,702,732,900,732
2011/06/30,720,720,720,720,500,720
2015/08/24,2,037,2,083,2,000,2,000,6,700,2,000
2015/08/25,1,830,2,220,1,780,1,985,4,800,1,985
2015/08/26,2,150,2,150,2,098,2,146,2,400,2,146
2015/08/27,2,106,2,179,2,104,2,104,2,600,2,104
2015/08/28,2,071,2,199,2,071,2,113,2,500,2,113
2015/08/31,2,113,2,140,2,113,2,140,1,000,2,140
2015/09/01,2,140,2,140,2,040,2,040,4,400,2,040
2015/09/02,1,994,2,094,1,994,2,059,2,200,2,059
2015/09/03,2,060,2,060,2,001,2,051,800,2,051
2015/09/04,2,100,2,100,2,034,2,035,1,500,2,035
2015/09/07,1,905,1,987,1,905,1,987,1,500,1,987
2015/09/08,1,987,2,110,1,925,2,110,5,100,2,110
2015/09/09,2,138,2,138,2,031,2,123,2,600,2,123
2015/09/10,2,123,2,130,2,123,2,123,1,000,2,123
2015/09/11,2,122,2,134,2,121,2,130,1,300,2,130
2015/09/14,2,135,2,135,2,130,2,130,300,2,130
2015/09/15,2,146,2,146,2,055,2,065,2,000,2,065
2015/09/16,2,115,2,115,2,059,2,059,1,000,2,059
2015/09/17,2,115,2,115,2,114,2,114,2,300,2,114
2015/09/18,2,119,2,119,2,115,2,117,600,2,117
2015/09/24,2,117,2,117,2,015,2,075,600,2,075
2015/09/25,2,075,2,075,1,970,2,035,1,700,2,035
2015/09/28,2,035,2,104,2,035,2,096,1,800,2,096
2015/09/29,2,096,2,100,2,036,2,050,2,200,2,050
2015/09/30,2,055,2,055,2,011,2,035,2,200,2,035
2015/10/01,2,035,2,095,2,035,2,095,3,200,2,095
2015/10/05,2,101,2,150,2,059,2,061,4,500,2,061
2015/10/06,2,111,2,111,2,066,2,110,600,2,110
2015/10/07,2,110,2,111,2,062,2,062,1,000,2,062
