2015/08/24,1,775,1,794,1,673,1,794,2,390,1,794
2015/08/25,1,650,1,845,1,645,1,845,3,730,1,845
2015/08/26,1,680,1,710,1,630,1,710,1,930,1,710
2015/08/27,1,750,1,800,1,700,1,700,2,160,1,700
2015/08/28,1,673,1,677,1,657,1,677,2,220,1,677
2015/08/31,1,677,1,677,1,660,1,676,850,1,676
2015/09/01,1,662,1,662,1,634,1,635,1,510,1,635
2015/09/02,1,622,1,629,1,589,1,597,2,590,1,597
2015/09/03,1,600,1,609,1,600,1,609,100,1,609
2015/09/04,1,606,1,606,1,572,1,574,1,120,1,574
2015/09/07,1,566,1,566,1,538,1,559,140,1,559
2015/09/08,1,553,1,553,1,506,1,534,870,1,534
2015/09/09,1,541,1,551,1,522,1,551,120,1,551
2015/09/10,1,534,1,589,1,527,1,534,260,1,534
2015/09/11,1,598,1,598,1,572,1,572,30,1,572
2015/09/14,1,588,1,600,1,588,1,600,70,1,600
2015/09/15,1,600,1,602,1,600,1,602,170,1,602
2015/09/16,1,607,1,607,1,605,1,605,350,1,605
2015/09/17,1,609,1,618,1,609,1,618,70,1,618
2015/09/18,1,624,1,633,1,623,1,633,120,1,633
2015/09/24,1,633,1,633,1,633,1,633,30,1,633
2015/09/25,1,648,1,676,1,648,1,676,280,1,676
