2015/08/24,4,230,4,425,4,180,4,425,1,542,4,425
2015/08/25,4,705,4,850,4,270,4,720,20,734,4,720
2015/08/26,4,690,4,740,4,395,4,445,76,115,4,445
2015/08/27,4,165,4,320,4,165,4,300,3,300,4,300
2015/08/28,4,090,4,110,4,000,4,040,1,995,4,040
2015/08/31,4,065,4,170,4,065,4,105,6,586,4,105
2015/09/01,4,155,4,420,4,145,4,410,6,492,4,410
2015/09/02,4,580,4,580,4,315,4,495,34,832,4,495
2015/09/03,4,320,4,450,4,280,4,445,3,465,4,445
2015/09/04,4,375,4,725,4,375,4,610,9,331,4,610
2015/09/07,4,680,4,795,4,570,4,600,9,668,4,600
2015/09/08,4,610,4,815,4,580,4,815,5,977,4,815
2015/09/09,4,455,4,520,4,195,4,195,9,714,4,195
2015/09/10,4,390,4,475,4,300,4,335,6,645,4,335
2015/09/11,4,405,4,405,4,295,4,335,489,4,335
2015/09/14,4,355,4,450,4,345,4,445,313,4,445
2015/09/15,4,390,4,440,4,335,4,440,2,140,4,440
2015/09/16,4,350,4,380,4,330,4,330,144,4,330
2015/09/17,4,275,4,280,4,250,4,265,83,4,265
2015/09/18,4,310,4,425,4,310,4,415,935,4,415
2015/09/24,4,535,4,650,4,535,4,650,2,739,4,650
2015/09/25,4,595,4,675,4,490,4,490,5,569,4,490
