2015/09/07,1,435,1,454,1,420,1,447,260,1,447
2015/09/08,1,450,1,453,1,420,1,420,25,040,1,420
2015/09/09,1,498,1,498,1,498,1,498,100,1,498
2015/09/10,1,467,1,471,1,465,1,465,310,1,465
2015/09/11,1,457,1,465,1,457,1,465,20,000,1,465
2015/09/14,1,488,1,488,1,488,1,488,200,1,488
2015/09/16,1,480,1,480,1,469,1,469,50,1,469
2015/09/24,1,441,1,441,1,430,1,430,220,1,430
2015/09/29,1,424,1,424,1,392,1,392,150,1,392
2015/09/30,1,407,1,407,1,407,1,407,140,1,407
2015/10/01,1,451,1,451,1,451,1,451,10,1,451
2015/10/07,1,490,1,491,1,490,1,491,50,1,491
