2011/06/03,1,892,1,898,1,885,1,885,4,740,1,885
2011/06/06,1,856,1,856,1,848,1,849,1,880,1,849
2011/06/07,1,837,1,842,1,836,1,840,1,370,1,840
2011/06/08,1,841,1,841,1,826,1,828,1,180,1,828
2011/06/09,1,815,1,820,1,815,1,820,720,1,820
2011/06/10,1,823,1,823,1,814,1,816,2,520,1,816
2011/06/13,1,795,1,810,1,795,1,805,2,350,1,805
2011/06/14,1,797,1,814,1,795,1,814,1,550,1,814
2011/06/15,1,821,1,823,1,821,1,823,310,1,823
2011/06/16,1,805,1,808,1,794,1,797,850,1,797
2011/06/17,1,794,1,794,1,783,1,783,910,1,783
2011/06/20,1,771,1,775,1,767,1,767,670,1,767
2011/06/21,1,782,1,787,1,782,1,787,2,040,1,787
2011/06/22,1,815,1,817,1,810,1,815,1,750,1,815
2011/06/23,1,806,1,811,1,802,1,803,440,1,803
2011/06/24,1,822,1,831,1,822,1,827,1,740,1,827
2011/06/27,1,791,1,794,1,787,1,790,650,1,790
2011/06/28,1,837,1,839,1,831,1,831,2,990,1,831
2011/06/29,1,866,1,871,1,863,1,863,1,270,1,863
2011/06/30,1,865,1,868,1,865,1,866,600,1,866
2015/08/24,5,180,5,180,4,900,4,940,30,260,4,940
2015/08/25,4,850,5,000,4,825,4,825,25,160,4,825
2015/08/26,4,830,4,985,4,780,4,975,15,540,4,975
2015/08/27,5,150,5,170,5,090,5,110,7,810,5,110
2015/08/28,5,290,5,310,5,270,5,300,4,580,5,300
2015/08/31,5,290,5,290,5,220,5,240,5,550,5,240
2015/09/01,5,170,5,180,5,100,5,110,11,680,5,110
2015/09/02,5,010,5,130,5,010,5,110,8,500,5,110
2015/09/03,5,190,5,230,5,160,5,200,2,670,5,200
2015/09/04,5,120,5,130,5,050,5,090,6,310,5,090
2015/09/07,5,050,5,110,5,040,5,110,4,980,5,110
2015/09/08,5,110,5,120,5,050,5,110,4,810,5,110
2015/09/09,5,190,5,280,5,190,5,280,7,480,5,280
2015/09/10,5,180,5,210,5,120,5,210,2,710,5,210
2015/09/11,5,220,5,250,5,220,5,250,3,890,5,250
2015/09/14,5,280,5,300,5,250,5,250,970,5,250
2015/09/15,5,240,5,270,5,200,5,230,4,580,5,230
2015/09/16,5,330,5,330,5,260,5,260,3,450,5,260
2015/09/17,5,350,5,370,5,310,5,360,3,610,5,360
2015/09/18,5,350,5,350,5,280,5,300,5,300,5,300
2015/09/24,5,180,5,220,5,120,5,120,2,380,5,120
2015/09/25,5,190,5,200,5,160,5,200,4,170,5,200
2015/09/28,5,140,5,150,5,110,5,120,4,360,5,120
2015/09/29,5,000,5,000,4,945,4,945,9,430,4,945
2015/09/30,4,955,5,000,4,955,4,990,5,010,4,990
2015/10/01,5,080,5,160,5,070,5,140,1,900,5,140
2015/10/02,5,110,5,120,5,090,5,110,720,5,110
2015/10/05,5,210,5,220,5,190,5,210,3,110,5,210
2015/10/06,5,280,5,290,5,230,5,250,3,680,5,250
2015/10/07,5,190,5,270,5,180,5,220,4,220,5,220
2015/10/08,5,290,5,290,5,220,5,220,2,400,5,220
2015/10/09,5,280,5,310,5,260,5,300,2,570,5,300
