2011/06/03,969,970,952,952,2,660,952
2011/06/06,960,960,945,945,570,945
2011/06/07,940,946,937,938,3,880,938
2011/06/08,939,939,930,931,460,931
2011/06/09,925,925,919,919,1,880,919
2011/06/10,919,920,915,916,1,760,916
2011/06/13,911,923,911,916,260,916
2011/06/14,912,924,912,924,840,924
2011/06/15,920,928,920,925,850,925
2011/06/16,919,920,910,910,1,850,910
2011/06/17,909,910,909,910,890,910
2011/06/20,906,906,893,895,1,380,895
2011/06/21,895,898,892,898,340,898
2011/06/22,907,911,902,910,1,190,910
2011/06/23,905,905,900,900,940,900
2011/06/24,905,917,905,917,1,410,917
2011/06/27,922,930,919,930,2,770,930
2011/06/28,932,934,931,931,120,931
2011/06/29,935,940,933,933,280,933
2011/06/30,935,935,935,935,1,030,935
2015/08/24,1,241,1,249,1,156,1,175,11,850,1,175
2015/08/25,1,150,1,214,1,120,1,137,18,800,1,137
2015/08/26,1,193,1,197,1,144,1,192,4,670,1,192
2015/08/27,1,189,1,198,1,181,1,188,5,420,1,188
2015/08/28,1,246,1,247,1,213,1,220,3,920,1,220
2015/08/31,1,217,1,217,1,180,1,195,7,580,1,195
2015/09/01,1,179,1,219,1,166,1,179,2,210,1,179
2015/09/02,1,129,1,173,1,124,1,146,5,400,1,146
2015/09/03,1,150,1,150,1,124,1,144,500,1,144
2015/09/04,1,144,1,144,1,089,1,119,4,100,1,119
2015/09/07,1,110,1,150,1,085,1,124,1,050,1,124
2015/09/08,1,124,1,124,1,084,1,102,1,800,1,102
2015/09/09,1,173,1,218,1,173,1,208,4,980,1,208
2015/09/10,1,204,1,218,1,179,1,218,590,1,218
2015/09/11,1,278,1,278,1,195,1,195,16,280,1,195
2015/09/14,1,217,1,217,1,165,1,203,5,810,1,203
2015/09/15,1,200,1,200,1,190,1,190,1,850,1,190
2015/09/16,1,205,1,205,1,200,1,200,300,1,200
2015/09/17,1,253,1,253,1,210,1,252,6,450,1,252
2015/09/18,1,230,1,241,1,216,1,223,2,390,1,223
2015/09/24,1,175,1,202,1,150,1,155,15,060,1,155
2015/09/25,1,160,1,160,1,150,1,156,650,1,156
