2011/06/03,1,550,1,550,1,535,1,535,1,150,1,535
2011/06/06,1,535,1,535,1,515,1,518,3,620,1,518
2011/06/07,1,520,1,535,1,520,1,530,1,570,1,530
2011/06/08,1,538,1,542,1,532,1,538,460,1,538
2011/06/09,1,520,1,537,1,520,1,534,1,520,1,534
2011/06/10,1,535,1,539,1,522,1,522,4,090,1,522
2011/06/13,1,519,1,527,1,506,1,527,2,210,1,527
2011/06/14,1,525,1,527,1,520,1,524,520,1,524
2011/06/15,1,539,1,540,1,512,1,520,1,670,1,520
2011/06/16,1,520,1,520,1,508,1,508,3,450,1,508
2011/06/17,1,508,1,515,1,501,1,502,6,690,1,502
2011/06/20,1,501,1,501,1,469,1,470,12,290,1,470
2011/06/21,1,470,1,475,1,466,1,466,5,270,1,466
2011/06/22,1,488,1,490,1,473,1,480,1,680,1,480
2011/06/23,1,479,1,479,1,460,1,461,4,860,1,461
2011/06/24,1,462,1,468,1,458,1,460,2,850,1,460
2011/06/27,1,459,1,464,1,455,1,457,2,410,1,457
2011/06/28,1,480,1,480,1,458,1,459,2,910,1,459
2011/06/29,1,479,1,482,1,470,1,482,420,1,482
2011/06/30,1,478,1,478,1,464,1,464,5,390,1,464
2015/08/24,3,900,4,090,3,800,3,810,4,780,3,810
2015/08/25,3,510,3,990,3,500,3,835,8,220,3,835
2015/08/26,3,835,3,950,3,765,3,950,1,480,3,950
2015/08/27,4,090,4,090,3,985,3,985,1,550,3,985
2015/08/28,4,090,4,090,4,020,4,035,1,020,4,035
2015/08/31,4,025,4,035,3,990,4,035,560,4,035
2015/09/01,4,005,4,005,3,850,3,850,840,3,850
2015/09/02,3,795,3,920,3,795,3,855,2,010,3,855
2015/09/03,3,975,3,985,3,890,3,890,930,3,890
2015/09/04,3,930,3,930,3,755,3,755,1,290,3,755
2015/09/07,3,685,3,870,3,685,3,705,1,970,3,705
2015/09/08,3,700,3,750,3,680,3,680,350,3,680
2015/09/09,3,720,3,820,3,710,3,810,2,000,3,810
2015/09/10,3,805,3,905,3,805,3,880,3,620,3,880
2015/09/11,3,940,3,980,3,885,3,955,1,230,3,955
2015/09/14,3,955,4,030,3,950,3,980,1,610,3,980
2015/09/15,3,995,3,995,3,950,3,985,510,3,985
2015/09/16,3,955,4,000,3,875,3,950,640,3,950
2015/09/17,3,975,3,975,3,880,3,920,670,3,920
2015/09/18,3,980,4,000,3,955,4,000,1,400,4,000
2015/09/24,3,905,3,930,3,890,3,930,470,3,930
2015/09/25,3,825,3,870,3,820,3,870,300,3,870
