2011/06/03,1,022,1,023,1,008,1,008,5,640,1,008
2011/06/06,1,011,1,017,1,001,1,004,7,300,1,004
2011/06/07,1,008,1,008,987,1,000,22,090,1,000
2011/06/08,1,008,1,008,995,1,006,2,660,1,006
2011/06/09,998,1,002,990,993,8,490,993
2011/06/10,999,1,000,988,990,9,610,990
2011/06/13,988,993,988,991,6,640,991
2011/06/14,988,995,980,995,14,460,995
2011/06/15,999,1,000,990,996,6,290,996
2011/06/16,997,998,990,990,8,260,990
2011/06/17,991,991,972,974,19,430,974
2011/06/20,980,993,978,980,10,020,980
2011/06/21,981,981,976,978,6,540,978
2011/06/22,992,996,988,995,2,530,995
2011/06/23,994,995,991,995,1,840,995
2011/06/24,995,995,988,995,2,980,995
2011/06/27,990,990,968,968,17,730,968
2011/06/28,983,993,970,974,8,130,974
2011/06/29,980,989,980,983,4,110,983
2011/06/30,993,1,003,993,1,003,6,360,1,003
2015/08/24,1,556,1,595,1,518,1,526,14,800,1,526
2015/08/25,1,426,1,530,1,420,1,500,15,490,1,500
2015/08/26,1,539,1,539,1,500,1,501,7,270,1,501
2015/08/27,1,559,1,559,1,509,1,549,6,020,1,549
2015/08/28,1,549,1,551,1,509,1,547,5,100,1,547
2015/08/31,1,549,1,549,1,500,1,502,8,990,1,502
2015/09/01,1,502,1,502,1,487,1,489,10,590,1,489
2015/09/02,1,472,1,487,1,450,1,470,8,990,1,470
2015/09/03,1,487,1,487,1,469,1,469,1,120,1,469
2015/09/04,1,470,1,480,1,422,1,450,11,760,1,450
2015/09/07,1,430,1,444,1,413,1,444,8,170,1,444
2015/09/08,1,410,1,428,1,406,1,408,3,820,1,408
2015/09/09,1,418,1,449,1,418,1,441,4,310,1,441
2015/09/10,1,449,1,460,1,435,1,460,1,630,1,460
2015/09/11,1,460,1,467,1,450,1,466,1,260,1,466
2015/09/14,1,470,1,475,1,465,1,467,1,000,1,467
2015/09/15,1,468,1,480,1,451,1,456,1,410,1,456
2015/09/16,1,479,1,479,1,464,1,464,2,780,1,464
2015/09/17,1,464,1,467,1,460,1,464,2,870,1,464
2015/09/18,1,452,1,477,1,452,1,477,2,320,1,477
2015/09/24,1,460,1,476,1,445,1,450,2,050,1,450
2015/09/25,1,478,1,478,1,450,1,452,790,1,452
2015/09/28,1,479,1,479,1,457,1,467,530,1,467
2015/09/29,1,479,1,479,1,425,1,437,4,390,1,437
2015/09/30,1,450,1,458,1,440,1,442,850,1,442
2015/10/01,1,458,1,465,1,458,1,462,320,1,462
2015/10/02,1,480,1,480,1,463,1,470,840,1,470
2015/10/05,1,467,1,475,1,462,1,475,1,970,1,475
2015/10/06,1,478,1,498,1,478,1,493,1,950,1,493
2015/10/07,1,498,1,499,1,480,1,495,810,1,495
2015/10/08,1,495,1,498,1,482,1,485,1,040,1,485
2015/10/09,1,500,1,500,1,488,1,500,930,1,500
