2015/08/24,542,559,503,525,16,980,525
2015/08/25,496,510,488,510,6,860,510
2015/08/26,488,496,463,484,4,360,484
2015/08/27,488,526,473,485,26,320,485
2015/08/28,539,539,507,529,2,120,529
2015/08/31,530,540,529,529,450,529
2015/09/01,519,535,491,515,1,920,515
2015/09/02,505,544,495,544,1,170,544
2015/09/03,525,525,525,525,200,525
2015/09/04,495,495,495,495,400,495
2015/09/07,522,550,522,549,1,530,549
2015/09/08,549,549,519,529,1,050,529
2015/09/09,555,563,549,559,840,559
2015/09/10,534,550,534,550,80,550
2015/09/11,557,573,533,533,490,533
2015/09/14,532,532,532,532,200,532
2015/09/15,532,532,532,532,10,532
2015/09/16,532,532,520,520,410,520
2015/09/17,550,551,549,549,2,760,549
2015/09/18,556,556,524,525,690,525
2015/09/24,505,525,505,525,4,230,525
2015/09/25,590,590,539,539,7,120,539
2015/09/28,544,544,543,544,2,010,544
2015/09/29,535,535,530,530,20,530
2015/09/30,524,524,524,524,40,524
2015/10/01,530,530,530,530,50,530
2015/10/02,530,540,530,535,330,535
2015/10/05,535,550,535,538,240,538
2015/10/06,551,562,551,562,290,562
2015/10/07,562,580,545,545,610,545
2015/10/08,555,555,547,555,110,555
