2015/08/24,16,160,16,270,15,210,15,360,1,572,300,15,360
2015/08/25,14,400,15,760,13,950,14,110,2,828,640,14,110
2015/08/26,14,050,15,050,13,880,14,920,2,792,470,14,920
2015/08/27,15,510,15,660,15,120,15,240,1,396,420,15,240
2015/08/28,15,960,16,290,15,870,16,190,1,170,940,16,190
2015/08/31,15,970,16,000,15,530,15,730,1,059,790,15,730
2015/09/01,15,530,15,560,14,590,14,590,1,510,900,14,590
2015/09/02,14,100,15,070,14,100,14,470,2,460,950,14,470
2015/09/03,14,950,15,080,14,580,14,610,902,550,14,610
2015/09/04,14,750,14,790,13,640,13,950,1,675,250,13,950
2015/09/07,13,780,14,320,13,460,14,070,1,952,670,14,070
2015/09/08,14,170,14,250,13,370,13,380,1,114,080,13,380
2015/09/09,14,350,15,400,14,250,15,350,1,700,750,15,350
2015/09/10,14,470,14,730,14,110,14,690,1,722,190,14,690
2015/09/11,14,390,14,760,14,340,14,600,850,150,14,600
2015/09/14,14,750,14,760,14,040,14,150,749,050,14,150
2015/09/15,14,300,14,700,14,160,14,240,875,090,14,240
2015/09/16,14,570,14,670,14,340,14,490,691,950,14,490
2015/09/17,14,820,14,940,14,650,14,890,638,760,14,890
2015/09/18,14,640,14,670,14,270,14,370,890,790,14,370
2015/09/24,13,830,13,900,13,540,13,560,704,460,13,560
2015/09/25,13,580,13,960,13,360,13,930,1,054,830,13,930
