2015/08/24,3,415,3,415,3,265,3,265,3,840,3,265
2015/08/25,3,080,3,350,3,005,3,185,3,462,3,185
2015/08/26,3,375,3,375,3,150,3,340,1,106,3,340
2015/08/27,3,445,3,445,3,290,3,390,913,3,390
2015/08/28,3,450,3,555,3,350,3,400,769,3,400
2015/08/31,3,385,3,385,3,350,3,360,330,3,360
2015/09/01,3,360,3,380,3,345,3,355,300,3,355
2015/09/02,3,345,3,395,3,265,3,290,1,179,3,290
2015/09/03,3,360,3,360,3,260,3,300,514,3,300
2015/09/04,3,250,3,300,3,210,3,235,560,3,235
2015/09/07,3,165,3,250,3,100,3,225,1,501,3,225
2015/09/08,3,220,3,220,3,145,3,175,560,3,175
2015/09/09,3,105,3,295,3,105,3,290,2,516,3,290
2015/09/10,3,235,3,275,3,220,3,275,105,3,275
2015/09/11,3,275,3,290,3,250,3,260,310,3,260
2015/09/14,3,315,3,315,3,240,3,245,467,3,245
2015/09/15,3,215,3,215,3,185,3,185,950,3,185
2015/09/16,3,210,3,210,3,155,3,180,1,649,3,180
2015/09/17,3,205,3,210,3,195,3,205,458,3,205
2015/09/18,3,250,3,250,3,220,3,235,420,3,235
2015/09/24,3,235,3,235,3,140,3,140,1,234,3,140
2015/09/25,3,210,3,210,3,130,3,170,766,3,170
2015/09/28,3,160,3,200,3,105,3,140,1,163,3,140
2015/09/29,3,155,3,165,3,100,3,100,283,3,100
2015/09/30,3,125,3,160,3,100,3,160,1,042,3,160
2015/10/01,3,155,3,185,3,150,3,155,603,3,155
2015/10/02,3,145,3,165,3,130,3,165,214,3,165
2015/10/05,3,125,3,170,3,125,3,140,406,3,140
2015/10/06,3,160,3,185,3,160,3,185,495,3,185
2015/10/07,3,190,3,190,3,165,3,170,763,3,170
