2011/06/08,571,000,582,000,569,000,576,000,18,291,1,440
2011/06/10,578,000,589,000,575,000,588,000,21,501,1,470
2011/06/13,578,000,580,000,571,000,578,000,10,109,1,445
2011/06/14,574,000,588,000,574,000,584,000,10,775,1,460
2011/06/17,569,000,569,000,560,000,564,000,9,543,1,410
2011/06/21,559,000,568,000,556,000,568,000,7,948,1,420
2011/06/22,573,000,578,000,571,000,578,000,8,356,1,445
2011/06/23,579,000,585,000,570,000,570,000,11,832,1,425
2011/06/30,595,000,595,000,587,000,592,000,10,676,1,480
2015/08/24,1,165,1,177,1,144,1,150,7,756,400,1,150
2015/09/17,1,124,1,139,1,114,1,124,6,440,700,1,124
2015/09/25,1,079,1,098,1,075,1,097,5,231,500,1,097
