2011/06/03,10,280,10,280,10,230,10,230,47,10,230
2011/06/06,10,230,10,240,10,200,10,200,57,10,200
2011/06/07,10,170,10,220,10,170,10,200,216,10,200
2011/06/08,10,190,10,220,10,190,10,220,338,10,220
2011/06/09,10,220,10,220,10,220,10,220,5,10,220
2011/06/10,10,270,10,320,10,200,10,230,55,10,230
2011/06/13,10,160,10,190,10,140,10,190,132,10,190
2011/06/14,10,240,10,260,10,240,10,260,165,10,260
2011/06/15,10,230,10,230,10,200,10,200,13,10,200
2011/06/16,10,150,10,150,10,100,10,110,166,10,110
2011/06/17,10,110,10,110,10,000,10,000,145,10,000
2011/06/20,10,030,10,080,10,030,10,060,35,10,060
2011/06/21,10,080,10,080,10,030,10,030,55,10,030
2011/06/22,10,070,10,100,10,070,10,100,21,10,100
2011/06/23,10,110,10,170,10,110,10,140,512,10,140
2011/06/24,10,160,10,170,10,140,10,150,58,10,150
2011/06/27,10,130,10,130,10,060,10,070,45,10,070
2011/06/28,10,100,10,110,10,070,10,080,25,10,080
2011/06/29,10,150,10,190,10,140,10,190,36,10,190
2011/06/30,10,250,10,270,10,190,10,270,717,10,270
2015/08/24,21,190,21,190,20,500,20,530,1,506,20,530
2015/08/25,19,500,20,850,19,500,19,700,1,628,19,700
2015/08/26,20,000,20,280,19,800,20,100,7,524,20,100
2015/08/27,20,900,20,900,20,340,20,390,1,254,20,390
2015/08/28,21,390,21,390,20,580,20,960,449,20,960
2015/08/31,20,900,21,020,20,500,21,000,461,21,000
2015/09/01,21,000,21,000,19,900,19,900,640,19,900
2015/09/02,19,230,20,240,19,230,19,800,907,19,800
2015/09/03,20,100,20,700,20,070,20,320,293,20,320
2015/09/04,20,120,20,120,19,480,19,790,678,19,790
2015/09/07,19,640,20,110,19,510,19,900,201,19,900
2015/09/08,19,910,19,910,18,980,18,990,607,18,990
2015/09/09,20,070,20,380,19,520,20,340,1,231,20,340
2015/09/10,20,120,20,230,19,950,20,140,271,20,140
2015/09/11,20,120,20,240,19,960,20,150,41,20,150
2015/09/14,20,180,20,290,20,140,20,140,98,20,140
2015/09/15,19,990,20,220,19,990,20,140,29,20,140
2015/09/16,20,190,20,190,19,800,19,880,157,19,880
2015/09/17,20,170,20,170,19,840,19,940,137,19,940
2015/09/18,19,990,20,060,19,750,19,750,241,19,750
2015/09/24,19,710,19,710,19,110,19,150,327,19,150
2015/09/25,19,190,19,540,19,120,19,430,132,19,430
