2011/06/01,185,185,185,185,2,200,185
2011/06/03,185,185,185,185,5,000,185
2011/06/06,182,182,182,182,18,100,182
2011/06/07,178,178,178,178,2,600,178
2011/06/08,180,180,177,177,18,800,177
2011/06/09,184,186,184,185,14,400,185
2011/06/10,189,190,188,190,15,100,190
2011/06/13,190,191,190,190,18,900,190
2011/06/14,189,189,186,186,8,300,186
2011/06/15,183,183,183,183,6,000,183
2011/06/16,180,180,178,178,12,900,178
2011/06/17,174,174,171,174,14,000,174
2011/06/20,170,171,170,171,7,500,171
2011/06/22,176,176,175,176,15,800,176
2011/06/23,168,169,166,169,6,500,169
2011/06/24,169,171,169,171,6,600,171
2011/06/27,164,165,163,163,5,200,163
2011/06/28,165,165,163,163,3,800,163
2011/06/29,171,175,171,174,17,000,174
2011/06/30,170,172,170,172,2,700,172
2015/08/06,154,154,148,150,17,200,150
2015/08/07,148,148,148,148,1,800,148
2015/08/10,153,153,153,153,200,153
2015/08/11,149,150,149,149,8,100,149
2015/08/12,152,152,152,152,100,152
2015/08/13,147,147,144,144,54,400,144
2015/08/19,146,146,145,145,500,145
2015/08/21,148,148,148,148,300,148
2015/08/24,145,147,142,142,15,000,142
2015/08/25,143,143,143,143,1,000,143
2015/08/26,153,153,142,142,1,300,142
2015/08/31,143,143,143,143,500,143
2015/09/01,141,141,141,141,1,000,141
2015/09/02,140,140,140,140,5,500,140
2015/09/03,145,145,138,139,9,500,139
2015/09/04,138,138,135,135,24,400,135
2015/09/08,140,140,140,140,500,140
2015/09/10,140,140,140,140,100,140
2015/09/11,143,143,143,143,100,143
2015/09/17,147,147,147,147,1,000,147
2015/09/28,138,138,138,138,1,000,138
2015/09/29,138,140,138,140,30,000,140
2015/10/01,145,145,145,145,200,145
