2011/06/03,955,955,945,945,2,710,945
2011/06/06,951,951,939,939,4,260,939
2011/06/07,945,945,935,935,1,650,935
2011/06/08,936,939,935,939,770,939
2011/06/09,937,940,935,938,700,938
2011/06/10,943,943,940,940,2,470,940
2011/06/13,940,940,934,940,2,220,940
2011/06/14,937,954,933,945,8,460,945
2011/06/15,952,952,940,945,210,945
2011/06/16,952,952,939,939,1,950,939
2011/06/17,948,948,927,928,6,130,928
2011/06/20,939,939,931,931,920,931
2011/06/21,940,948,935,938,400,938
2011/06/22,947,951,944,946,4,430,946
2011/06/23,945,946,944,946,2,050,946
2011/06/24,950,954,950,954,2,170,954
2011/06/27,949,950,943,946,650,946
2011/06/28,952,959,952,954,3,550,954
2011/06/29,960,965,960,965,2,410,965
2011/06/30,965,969,960,969,3,030,969
2015/08/24,1,664,1,724,1,610,1,617,23,460,1,617
2015/08/25,1,572,1,637,1,541,1,560,19,110,1,560
2015/08/26,1,570,1,600,1,558,1,600,10,900,1,600
2015/08/27,1,648,1,650,1,607,1,607,4,730,1,607
2015/08/28,1,671,1,673,1,645,1,667,4,460,1,667
2015/08/31,1,672,1,672,1,644,1,651,2,900,1,651
2015/09/01,1,649,1,649,1,600,1,600,5,140,1,600
2015/09/02,1,580,1,612,1,580,1,594,7,780,1,594
2015/09/03,1,600,1,625,1,600,1,620,1,840,1,620
2015/09/04,1,620,1,620,1,566,1,582,3,150,1,582
2015/09/07,1,573,1,576,1,550,1,570,5,030,1,570
2015/09/08,1,565,1,578,1,540,1,548,3,270,1,548
2015/09/09,1,585,1,633,1,585,1,633,2,490,1,633
2015/09/10,1,587,1,612,1,584,1,605,650,1,605
2015/09/11,1,605,1,611,1,600,1,602,480,1,602
2015/09/14,1,614,1,614,1,590,1,606,970,1,606
2015/09/15,1,601,1,614,1,594,1,594,780,1,594
2015/09/16,1,605,1,611,1,596,1,600,780,1,600
2015/09/17,1,612,1,629,1,611,1,622,2,250,1,622
2015/09/18,1,610,1,647,1,602,1,602,1,140,1,602
2015/09/24,1,588,1,592,1,570,1,572,4,450,1,572
2015/09/25,1,605,1,605,1,580,1,599,2,080,1,599
2015/09/28,1,607,1,608,1,578,1,588,3,290,1,588
2015/09/29,1,585,1,585,1,520,1,527,7,300,1,527
2015/09/30,1,554,1,565,1,544,1,556,1,060,1,556
2015/10/01,1,572,1,592,1,556,1,589,2,000,1,589
2015/10/02,1,585,1,589,1,569,1,588,1,150,1,588
2015/10/05,1,610,1,625,1,610,1,623,1,540,1,623
2015/10/06,1,624,1,645,1,624,1,640,2,040,1,640
2015/10/07,1,640,1,650,1,624,1,628,1,170,1,628
2015/10/08,1,628,1,631,1,620,1,625,310,1,625
