2011/06/03,930,930,926,928,940,928
2011/06/06,924,924,919,919,4,050,919
2011/06/07,910,910,893,909,7,800,909
2011/06/08,908,908,900,902,850,902
2011/06/09,912,923,912,918,2,360,918
2011/06/10,925,937,925,926,3,220,926
2011/06/13,914,918,911,913,4,330,913
2011/06/14,893,895,888,893,6,550,893
2011/06/15,905,912,905,908,6,310,908
2011/06/16,880,884,872,880,7,380,880
2011/06/17,878,878,868,871,7,740,871
2011/06/20,849,849,838,840,18,930,840
2011/06/21,851,862,848,861,4,350,861
2011/06/22,860,866,857,860,16,010,860
2011/06/23,856,869,856,859,2,960,859
2011/06/24,843,850,843,847,8,960,847
2011/06/27,836,837,831,836,8,860,836
2011/06/28,838,843,835,838,1,740,838
2011/06/29,859,865,848,848,6,700,848
2011/06/30,874,875,863,873,1,920,873
2015/08/24,460,462,445,448,2,905,690,448
2015/08/25,430,441,428,434,2,003,900,434
2015/08/26,440,448,438,447,1,280,360,447
2015/08/27,444,449,441,447,1,150,460,447
2015/08/28,485,496,483,495,2,414,450,495
2015/08/31,512,513,504,508,2,087,870,508
2015/09/01,542,545,537,540,4,586,120,540
2015/09/02,500,506,498,501,1,726,260,501
2015/09/03,521,525,518,520,1,048,490,520
2015/09/04,528,529,517,518,709,990,518
2015/09/07,512,517,505,514,610,260,514
2015/09/08,503,503,493,496,519,970,496
2015/09/09,514,524,514,521,1,588,940,521
2015/09/10,499,501,493,501,1,555,340,501
2015/09/11,515,519,514,516,644,760,516
2015/09/14,509,509,502,504,357,500,504
2015/09/15,500,502,495,496,341,820,496
2015/09/16,506,507,503,505,296,330,505
2015/09/17,532,534,529,532,881,740,532
2015/09/18,523,525,521,521,242,750,521
2015/09/24,505,505,498,498,766,610,498
2015/09/25,501,507,500,507,261,320,507
2015/09/28,507,508,503,503,243,980,503
2015/09/29,496,496,491,493,726,020,493
2015/09/30,498,500,496,498,205,790,498
2015/10/01,503,511,503,509,567,830,509
2015/10/02,503,506,501,505,93,060,505
2015/10/05,506,512,506,509,228,230,509
2015/10/06,517,518,515,517,447,490,517
2015/10/07,542,553,542,552,3,392,200,552
