2011/04/22,493,493,493,493,4,000,493
2011/04/25,493,493,493,493,1,000,493
2011/04/26,493,493,493,493,1,000,493
2011/04/27,493,493,493,493,6,000,493
2011/05/02,494,494,494,494,100,494
2011/05/16,497,497,497,497,4,200,497
2011/05/19,497,497,497,497,100,497
2011/05/24,457,457,457,457,5,000,457
2011/05/25,457,457,457,457,100,457
2011/05/31,497,500,497,500,10,300,500
2011/06/01,529,529,529,529,4,800,529
2011/06/10,476,485,476,485,4,500,485
2011/06/14,500,500,500,500,300,500
2011/06/15,520,520,520,520,2,300,520
2011/06/17,530,530,530,530,5,100,530
2011/06/21,525,525,525,525,100,525
2011/06/22,508,508,508,508,300,508
2011/06/23,506,506,505,505,400,505
2011/06/24,525,525,525,525,2,900,525
2011/06/30,500,518,500,518,1,100,518
2015/08/24,900,900,882,890,2,100,890
2015/08/25,878,880,849,880,6,400,880
2015/08/26,880,880,880,880,100,880
2015/08/27,895,899,879,899,1,400,899
2015/08/28,885,885,874,875,22,900,875
2015/08/31,875,877,864,870,9,500,870
2015/09/01,866,869,847,847,9,600,847
2015/09/02,838,843,827,830,2,900,830
2015/09/03,843,845,841,844,1,000,844
2015/09/04,853,853,838,838,300,838
2015/09/07,828,835,827,835,1,200,835
2015/09/08,848,848,833,833,600,833
2015/09/09,848,848,838,847,900,847
2015/09/10,844,844,834,836,800,836
2015/09/11,836,837,836,837,800,837
2015/09/14,830,830,830,830,1,200,830
2015/09/15,803,818,803,808,12,700,808
2015/09/16,815,820,815,820,1,400,820
2015/09/17,814,814,814,814,700,814
2015/09/18,824,824,823,823,300,823
2015/09/24,826,826,825,825,2,600,825
2015/09/25,825,825,816,822,1,000,822
