2011/06/03,117,118,115,115,421,000,115
2011/06/06,114,115,109,111,1,433,000,111
2011/06/07,110,114,110,112,753,000,112
2011/06/08,113,116,113,115,682,000,115
2011/06/09,114,115,112,115,639,000,115
2011/06/10,115,115,112,114,1,029,000,114
2011/06/13,112,116,112,115,867,000,115
2011/06/14,115,117,114,117,768,000,117
2011/06/15,117,117,115,115,787,000,115
2011/06/16,115,116,114,114,542,000,114
2011/06/17,114,116,114,116,725,000,116
2011/06/20,115,117,114,114,421,000,114
2011/06/21,115,116,114,116,906,000,116
2011/06/22,116,118,115,117,959,000,117
2011/06/23,117,120,117,118,1,592,000,118
2011/06/24,118,119,117,118,776,000,118
2011/06/27,117,118,115,116,1,136,000,116
2011/06/28,117,118,116,117,477,000,117
2011/06/29,118,118,115,117,740,000,117
2011/06/30,117,119,116,118,732,000,118
2015/08/24,503,517,486,488,6,637,000,488
2015/08/25,476,506,461,480,6,442,000,480
2015/08/26,486,489,473,486,4,266,000,486
2015/08/27,498,523,498,516,6,608,000,516
2015/08/28,528,540,526,536,7,969,000,536
2015/08/31,536,547,534,545,6,438,000,545
2015/09/01,543,548,533,539,7,015,000,539
2015/09/02,533,544,529,534,5,013,000,534
2015/09/03,542,544,527,530,3,312,000,530
2015/09/04,528,528,503,519,5,135,000,519
2015/09/07,515,536,514,530,7,281,000,530
2015/09/08,528,530,501,505,5,334,000,505
2015/09/09,517,519,492,503,8,092,000,503
2015/09/10,503,527,493,525,5,614,000,525
2015/09/11,520,532,518,528,3,944,000,528
2015/09/14,534,537,520,532,3,890,000,532
2015/09/15,527,529,498,500,7,266,000,500
2015/09/16,507,507,492,503,4,247,000,503
2015/09/17,506,506,493,504,4,598,000,504
2015/09/18,506,509,498,503,3,177,000,503
2015/09/24,494,499,486,487,2,322,000,487
2015/09/25,485,493,481,493,1,990,000,493
2015/09/28,492,506,486,504,2,853,000,504
2015/09/29,491,501,485,488,4,611,000,488
2015/09/30,496,498,485,496,2,428,000,496
2015/10/01,496,496,474,483,5,118,000,483
2015/10/02,483,495,482,488,4,254,000,488
2015/10/05,486,486,473,480,4,455,000,480
2015/10/06,483,484,461,474,7,556,000,474
2015/10/07,479,482,470,479,3,417,000,479
2015/10/08,479,485,474,479,2,564,000,479
