2011/05/31,576,576,575,575,300,575
2011/06/01,575,575,575,575,100,575
2011/06/02,575,575,571,573,400,573
2011/06/03,574,574,570,570,600,570
2011/06/06,569,571,569,570,600,570
2011/06/07,567,567,566,566,1,100,566
2011/06/09,566,566,561,561,2,400,561
2011/06/10,561,561,561,561,200,561
2011/06/13,561,561,560,560,1,300,560
2011/06/14,560,560,560,560,600,560
2011/06/15,560,560,560,560,1,500,560
2011/06/17,560,560,560,560,500,560
2011/06/20,560,560,560,560,100,560
2011/06/21,561,561,561,561,100,561
2011/06/23,562,562,562,562,100,562
2011/06/24,562,562,562,562,500,562
2011/06/27,567,568,565,568,600,568
2011/06/28,575,575,570,570,800,570
2011/06/29,574,574,570,570,1,300,570
2011/06/30,571,571,571,571,200,571
2015/08/24,911,911,850,850,1,900,850
2015/08/25,823,894,823,865,5,600,865
2015/08/26,866,897,866,888,1,600,888
2015/08/27,890,900,887,888,13,000,888
2015/08/28,888,890,888,889,800,889
2015/08/31,889,889,889,889,300,889
2015/09/01,875,875,874,874,500,874
2015/09/02,869,869,869,869,900,869
2015/09/03,869,870,869,870,1,800,870
2015/09/04,867,867,852,852,400,852
2015/09/07,850,850,842,842,900,842
2015/09/08,842,842,842,842,300,842
2015/09/09,869,869,854,860,1,800,860
2015/09/10,890,890,855,860,2,700,860
2015/09/11,860,860,860,860,200,860
2015/09/14,856,881,856,881,1,200,881
2015/09/15,870,870,843,850,2,900,850
2015/09/16,836,845,836,845,2,000,845
2015/09/17,850,854,850,854,2,200,854
2015/09/18,859,860,850,859,2,000,859
2015/09/24,859,859,850,850,1,900,850
2015/09/25,850,860,850,860,500,860
2015/09/28,850,850,841,841,1,300,841
2015/09/29,838,838,820,820,1,800,820
2015/09/30,823,824,823,824,300,824
2015/10/02,833,834,833,834,700,834
2015/10/05,843,843,834,843,800,843
2015/10/06,843,845,839,839,500,839
2015/10/07,845,850,845,850,300,850
2015/10/08,846,846,846,846,100,846
