2011/06/03,104,105,103,103,18,000,103
2011/06/06,103,104,102,102,18,000,102
2011/06/07,102,104,102,104,6,000,104
2011/06/08,104,104,102,103,11,000,103
2011/06/09,103,103,102,102,4,000,102
2011/06/10,103,104,102,104,32,000,104
2011/06/13,102,103,102,102,8,000,102
2011/06/14,103,104,103,104,4,000,104
2011/06/15,104,104,103,103,5,000,103
2011/06/16,101,103,101,102,29,000,102
2011/06/17,102,104,102,104,50,000,104
2011/06/20,104,104,101,101,56,000,101
2011/06/21,103,104,102,104,25,000,104
2011/06/22,102,106,102,106,65,000,106
2011/06/23,106,106,104,104,34,000,104
2011/06/24,106,106,105,106,64,000,106
2011/06/27,106,107,106,106,23,000,106
2011/06/28,105,106,104,105,26,000,105
2011/06/29,106,106,105,106,18,000,106
2011/06/30,105,105,103,104,119,000,104
2015/08/24,351,358,328,329,737,000,329
2015/08/25,313,341,297,324,960,000,324
2015/08/26,364,404,350,404,2,817,000,404
2015/08/27,420,426,370,396,2,205,000,396
2015/08/28,409,420,385,395,1,354,000,395
2015/08/31,399,459,387,441,2,189,000,441
2015/09/01,431,448,421,432,1,427,000,432
2015/09/02,416,434,403,408,1,120,000,408
2015/09/03,407,419,397,397,479,000,397
2015/09/04,410,429,392,406,903,000,406
2015/09/07,400,405,384,397,341,000,397
2015/09/08,399,399,370,374,314,000,374
2015/09/09,392,408,384,407,286,000,407
2015/09/10,394,407,389,405,224,000,405
2015/09/11,405,415,403,410,287,000,410
2015/09/14,415,420,399,414,254,000,414
2015/09/15,413,413,398,402,218,000,402
2015/09/16,410,410,391,394,210,000,394
2015/09/17,400,414,397,412,241,000,412
2015/09/18,410,413,400,413,165,000,413
2015/09/24,410,410,400,402,153,000,402
2015/09/25,411,418,402,415,242,000,415
2015/09/28,416,439,412,437,447,000,437
2015/09/29,436,436,408,413,285,000,413
2015/09/30,415,424,409,418,182,000,418
2015/10/01,421,423,412,419,134,000,419
2015/10/02,419,423,415,421,131,000,421
2015/10/05,421,425,414,419,113,000,419
2015/10/06,419,422,411,414,155,000,414
2015/10/07,413,420,404,420,123,000,420
2015/10/08,415,423,413,415,97,000,415
