2011/06/03,140,141,133,133,674,000,133
2011/06/06,133,135,132,134,1,062,000,134
2011/06/07,134,141,134,140,1,381,000,140
2011/06/08,140,143,137,140,1,822,000,140
2011/06/09,139,139,137,138,275,000,138
2011/06/10,139,139,132,133,1,051,000,133
2011/06/13,132,138,131,137,751,000,137
2011/06/14,137,142,137,142,596,000,142
2011/06/15,143,144,141,141,497,000,141
2011/06/16,140,140,137,137,330,000,137
2011/06/17,138,138,135,136,604,000,136
2011/06/20,137,148,137,146,1,456,000,146
2011/06/21,145,148,144,146,611,000,146
2011/06/22,146,147,144,147,436,000,147
2011/06/23,148,154,148,153,1,720,000,153
2011/06/24,152,154,151,152,562,000,152
2011/06/27,151,151,148,148,308,000,148
2011/06/28,149,149,146,148,473,000,148
2011/06/29,150,151,146,148,393,000,148
2011/06/30,150,150,146,148,385,000,148
2015/08/24,240,248,226,228,2,335,000,228
2015/08/25,219,237,211,223,2,463,000,223
2015/08/26,228,234,224,232,832,000,232
2015/08/27,235,244,233,238,1,357,000,238
2015/08/28,247,252,243,250,1,408,000,250
2015/08/31,250,254,245,253,724,000,253
2015/09/01,252,253,241,244,915,000,244
2015/09/02,242,257,241,250,1,948,000,250
2015/09/03,256,262,253,255,1,611,000,255
2015/09/04,255,258,249,256,1,332,000,256
2015/09/07,252,259,249,254,1,228,000,254
2015/09/08,257,269,251,253,2,601,000,253
2015/09/09,264,265,256,264,1,928,000,264
2015/09/10,257,277,256,274,2,281,000,274
2015/09/11,279,282,267,269,2,908,000,269
2015/09/14,275,283,269,276,3,151,000,276
2015/09/15,275,277,265,266,2,615,000,266
2015/09/16,268,270,259,264,1,317,000,264
2015/09/17,283,288,275,286,8,407,000,286
2015/09/18,283,297,281,292,7,220,000,292
2015/09/24,290,292,280,281,2,693,000,281
2015/09/25,280,286,271,283,2,612,000,283
2015/09/28,285,294,277,290,2,373,000,290
2015/09/29,283,285,273,273,1,575,000,273
2015/09/30,276,289,275,287,2,236,000,287
2015/10/01,288,289,281,287,1,123,000,287
2015/10/02,285,288,281,284,1,254,000,284
2015/10/05,285,287,281,282,737,000,282
2015/10/06,287,294,286,291,2,283,000,291
2015/10/07,294,294,287,292,1,539,000,292
2015/10/08,292,294,287,291,1,061,000,291
