2011/06/03,108,108,100,102,4,425,000,102
2011/06/06,106,106,100,101,3,309,000,101
2011/06/07,100,106,100,105,3,016,000,105
2011/06/08,106,108,102,107,4,558,000,107
2011/06/09,105,107,103,105,2,017,000,105
2011/06/10,106,107,104,105,1,042,000,105
2011/06/13,104,111,103,111,3,688,000,111
2011/06/14,110,112,108,111,4,096,000,111
2011/06/15,111,112,107,109,3,234,000,109
2011/06/16,107,109,107,107,1,755,000,107
2011/06/17,107,108,104,104,1,262,000,104
2011/06/20,104,107,103,106,1,605,000,106
2011/06/21,106,108,105,108,1,536,000,108
2011/06/22,109,109,106,107,1,423,000,107
2011/06/23,106,111,106,110,4,181,000,110
2011/06/24,112,112,108,108,1,260,000,108
2011/06/27,106,108,106,106,1,540,000,106
2011/06/28,107,108,105,106,908,000,106
2011/06/29,106,107,104,105,1,139,000,105
2011/06/30,106,106,104,106,857,000,106
2015/08/24,165,169,151,152,3,425,000,152
2015/08/25,146,154,132,145,2,828,000,145
2015/08/26,148,153,148,152,1,453,000,152
2015/08/27,157,160,154,156,2,027,000,156
2015/08/28,161,164,159,163,1,605,000,163
2015/08/31,163,164,158,161,1,722,000,161
2015/09/01,158,161,155,156,1,587,000,156
2015/09/02,151,157,150,155,1,277,000,155
2015/09/03,158,159,151,152,1,449,000,152
2015/09/04,151,151,146,148,1,136,000,148
2015/09/07,145,148,143,145,871,000,145
2015/09/08,144,146,140,141,1,159,000,141
2015/09/09,146,148,143,148,1,108,000,148
2015/09/10,146,155,144,154,2,088,000,154
2015/09/11,153,153,150,152,1,165,000,152
2015/09/14,152,156,150,151,1,228,000,151
2015/09/15,151,152,147,148,802,000,148
2015/09/16,151,151,147,150,614,000,150
2015/09/17,150,155,149,153,1,314,000,153
2015/09/18,152,155,151,151,1,208,000,151
2015/09/24,148,149,147,147,687,000,147
2015/09/25,148,151,147,151,520,000,151
