2011/06/03,67,68,66,66,349,000,66
2011/06/06,66,66,64,64,832,000,64
2011/06/07,64,66,63,64,585,000,64
2011/06/08,65,65,62,63,918,000,63
2011/06/09,63,64,60,61,1,095,000,61
2011/06/10,61,62,61,62,907,000,62
2011/06/13,62,66,62,65,1,639,000,65
2011/06/14,66,66,64,64,1,522,000,64
2011/06/15,64,66,63,64,811,000,64
2011/06/16,63,64,62,63,424,000,63
2011/06/17,63,64,62,63,583,000,63
2011/06/20,63,65,63,63,712,000,63
2011/06/21,63,67,63,67,2,288,000,67
2011/06/22,67,72,66,72,5,243,000,72
2011/06/23,70,71,68,70,3,008,000,70
2011/06/24,69,69,67,68,944,000,68
2011/06/27,68,68,65,66,1,366,000,66
2011/06/28,66,67,64,64,1,186,000,64
2011/06/29,65,66,65,66,506,000,66
2011/06/30,66,66,64,66,554,000,66
2015/08/24,91,91,88,88,1,383,000,88
2015/08/25,83,87,80,81,2,084,000,81
2015/08/26,84,85,81,83,1,231,000,83
2015/08/27,84,86,84,85,1,395,000,85
2015/08/28,87,88,86,87,598,000,87
2015/08/31,87,87,85,86,543,000,86
2015/09/01,86,86,84,85,449,000,85
2015/09/02,82,84,82,82,557,000,82
2015/09/03,83,84,82,84,289,000,84
2015/09/04,85,85,81,82,837,000,82
2015/09/07,80,81,78,78,1,235,000,78
2015/09/08,79,80,78,78,766,000,78
2015/09/09,80,82,79,81,777,000,81
2015/09/10,80,83,79,82,851,000,82
2015/09/11,81,84,81,83,1,227,000,83
2015/09/14,85,86,83,84,1,162,000,84
2015/09/15,84,85,83,83,281,000,83
2015/09/16,84,84,82,83,338,000,83
2015/09/17,83,85,83,85,321,000,85
2015/09/18,84,87,83,84,1,292,000,84
2015/09/24,81,83,81,82,603,000,82
2015/09/25,82,83,81,83,342,000,83
2015/09/28,83,85,82,83,398,000,83
2015/09/29,83,83,79,80,746,000,80
2015/09/30,81,83,80,83,384,000,83
2015/10/01,83,83,81,83,339,000,83
2015/10/02,83,83,81,82,431,000,82
2015/10/05,83,83,82,83,220,000,83
2015/10/06,83,84,82,82,310,000,82
2015/10/07,87,89,85,88,3,096,000,88
2015/10/08,87,88,85,85,1,018,000,85
