2011/06/03,970,982,963,964,3,295,000,964
2011/06/06,963,971,957,968,2,152,000,968
2011/06/07,964,979,961,976,1,484,000,976
2011/06/08,980,993,973,983,2,391,000,983
2011/06/09,980,992,977,991,2,833,000,991
2011/06/10,998,1,009,995,1,006,4,702,000,1,006
2011/06/13,1,010,1,033,1,009,1,029,3,682,000,1,029
2011/06/14,1,035,1,045,1,032,1,035,3,319,000,1,035
2011/06/15,1,038,1,040,1,026,1,027,2,354,000,1,027
2011/06/16,1,021,1,029,1,011,1,011,2,470,000,1,011
2011/06/17,1,020,1,021,989,995,3,854,000,995
2011/06/20,999,1,009,995,999,2,455,000,999
2011/06/21,1,006,1,006,981,992,2,923,000,992
2011/06/22,990,1,006,977,1,001,5,493,000,1,001
2011/06/23,990,1,004,983,992,2,729,000,992
2011/06/24,994,1,001,986,994,1,983,000,994
2011/06/27,995,996,980,985,2,067,000,985
2011/06/28,985,992,980,989,2,479,000,989
2011/06/29,1,004,1,011,993,1,011,2,316,000,1,011
2011/06/30,1,031,1,034,1,009,1,011,2,477,000,1,011
2015/08/25,2,750,2,882,2,716,2,726,3,824,700,2,726
2015/08/31,2,957,2,995,2,925,2,981,2,073,500,2,981
2015/09/02,2,778,2,868,2,766,2,780,2,620,800,2,780
2015/09/14,3,048,3,085,3,015,3,032,1,788,500,3,032
2015/09/18,3,023,3,032,2,958,2,959,3,141,800,2,959
2015/10/01,3,000,3,049,2,967,3,004,2,478,500,3,004
2015/10/02,3,013,3,135,3,013,3,038,2,157,600,3,038
2015/10/05,3,082,3,091,3,010,3,039,1,748,000,3,039
2015/10/06,3,086,3,095,3,022,3,047,2,369,900,3,047
2015/10/09,3,045,3,106,3,008,3,106,2,574,600,3,106
