2011/04/27,251,259,251,259,2,000,259
2011/05/06,255,255,255,255,2,000,255
2011/05/12,265,265,265,265,2,000,265
2011/05/13,269,269,269,269,5,000,269
2011/05/18,260,260,260,260,2,000,260
2011/05/19,260,267,260,267,2,000,267
2011/05/20,280,280,280,280,2,000,280
2011/05/24,256,256,256,256,6,000,256
2011/05/30,256,256,256,256,1,000,256
2011/06/03,260,260,260,260,1,000,260
2011/06/10,275,275,275,275,1,000,275
2011/06/13,275,280,273,273,4,000,273
2011/06/14,273,284,273,284,3,000,284
2011/06/15,268,270,264,264,12,000,264
2011/06/16,267,267,266,266,2,000,266
2011/06/20,268,268,264,264,5,000,264
2011/06/21,266,266,266,266,2,000,266
2011/06/22,266,268,266,268,3,000,268
2011/06/23,267,267,267,267,1,000,267
2011/06/24,267,267,267,267,11,000,267
2015/08/21,345,345,337,340,2,300,340
2015/08/24,325,330,297,297,10,300,297
2015/08/25,288,300,278,285,10,400,285
2015/08/26,291,305,290,305,2,700,305
2015/08/27,309,310,293,310,4,100,310
2015/08/28,312,315,311,315,700,315
2015/08/31,318,318,318,318,400,318
2015/09/01,310,310,310,310,500,310
2015/09/02,308,308,308,308,200,308
2015/09/04,313,313,305,305,1,400,305
2015/09/07,304,312,296,298,1,200,298
2015/09/08,306,306,306,306,300,306
2015/09/09,307,313,305,313,300,313
2015/09/10,312,312,310,310,1,300,310
2015/09/11,314,314,314,314,100,314
2015/09/14,316,319,316,319,900,319
2015/09/15,320,322,316,316,4,500,316
2015/09/16,312,312,312,312,100,312
2015/09/17,314,318,314,318,400,318
2015/09/18,310,318,308,308,2,400,308
2015/09/24,306,313,300,300,1,300,300
2015/09/28,300,305,300,305,200,305
2015/09/29,302,305,300,305,1,800,305
2015/09/30,300,300,297,300,1,300,300
2015/10/01,303,303,303,303,100,303
2015/10/02,298,300,298,299,300,299
2015/10/05,300,300,300,300,200,300
2015/10/06,300,304,300,304,1,100,304
2015/10/07,305,305,302,303,400,303
2015/10/08,305,306,303,303,1,300,303
2015/10/09,306,306,302,306,3,700,306
