2015/08/24,1,635,1,677,1,602,1,608,1,325,700,1,608
2015/08/25,1,568,1,638,1,550,1,554,1,822,000,1,554
2015/08/26,1,562,1,595,1,545,1,567,1,747,300,1,567
2015/08/27,1,597,1,657,1,587,1,641,1,217,500,1,641
2015/08/28,1,678,1,700,1,630,1,675,2,517,100,1,675
2015/08/31,1,663,1,680,1,644,1,658,1,383,500,1,658
2015/09/01,1,656,1,665,1,598,1,598,985,800,1,598
2015/09/02,1,564,1,624,1,559,1,592,1,217,400,1,592
2015/09/03,1,602,1,634,1,592,1,594,642,700,1,594
2015/09/04,1,608,1,608,1,556,1,569,1,014,300,1,569
2015/09/07,1,559,1,572,1,540,1,550,774,500,1,550
2015/09/08,1,571,1,571,1,490,1,497,1,023,800,1,497
2015/09/09,1,543,1,596,1,522,1,592,1,159,700,1,592
2015/09/10,1,543,1,553,1,510,1,531,801,000,1,531
2015/09/11,1,522,1,556,1,521,1,545,2,279,700,1,545
2015/09/14,1,570,1,575,1,546,1,555,1,152,000,1,555
2015/09/15,1,595,1,665,1,588,1,628,1,718,600,1,628
2015/09/16,1,640,1,644,1,597,1,618,1,179,700,1,618
2015/09/17,1,621,1,640,1,602,1,633,852,900,1,633
2015/09/18,1,631,1,647,1,603,1,604,1,044,600,1,604
2015/09/24,1,582,1,657,1,576,1,615,1,200,200,1,615
2015/09/25,1,621,1,713,1,621,1,710,2,202,600,1,710
