2015/08/24,8,870,8,870,8,100,8,240,8,159,8,240
2015/08/25,7,040,8,000,7,040,7,430,5,857,7,430
2015/08/26,8,040,8,040,7,700,7,950,2,077,7,950
2015/08/27,8,350,8,350,7,810,7,940,2,721,7,940
2015/08/28,8,240,8,390,8,210,8,320,2,290,8,320
2015/08/31,8,410,8,410,8,010,8,290,526,8,290
2015/09/01,8,140,8,250,7,850,7,850,2,384,7,850
2015/09/02,7,970,7,970,7,640,7,660,3,350,7,660
2015/09/03,7,730,7,750,7,540,7,750,450,7,750
2015/09/04,7,650,7,840,7,300,7,320,1,795,7,320
2015/09/07,7,200,7,370,7,140,7,290,1,295,7,290
2015/09/08,7,250,7,250,7,070,7,180,1,106,7,180
2015/09/09,7,390,7,750,7,390,7,700,2,733,7,700
2015/09/10,7,300,7,560,7,300,7,560,308,7,560
2015/09/11,7,760,7,820,7,640,7,690,143,7,690
2015/09/14,7,600,7,700,7,600,7,690,404,7,690
2015/09/15,7,700,7,830,7,700,7,770,671,7,770
2015/09/16,7,680,7,800,7,680,7,790,307,7,790
2015/09/17,7,830,8,020,7,830,7,880,2,676,7,880
2015/09/18,8,000,8,160,7,830,8,100,1,099,8,100
2015/09/24,8,200,8,200,7,710,7,760,512,7,760
2015/09/25,7,610,7,850,7,610,7,830,123,7,830
