2011/06/03,70,400,70,800,70,000,70,400,165,704
2011/06/06,70,000,70,100,69,200,70,000,150,700
2011/06/07,70,000,71,000,70,000,70,400,38,704
2011/06/08,70,400,71,600,70,400,71,300,29,713
2011/06/09,70,400,71,300,70,300,70,400,80,704
2011/06/10,71,400,73,200,71,100,71,200,318,712
2011/06/13,70,500,72,300,70,500,71,700,68,717
2011/06/14,71,700,73,200,71,700,71,700,110,717
2011/06/15,71,700,72,000,71,500,71,900,128,719
2011/06/16,71,500,71,600,70,400,70,500,93,705
2011/06/17,70,500,70,500,69,700,69,900,165,699
2011/06/20,73,900,73,900,72,100,72,200,216,722
2011/06/21,72,300,73,500,72,300,72,600,54,726
2011/06/22,72,300,74,400,72,300,73,800,148,738
2011/06/23,72,800,72,900,70,900,72,900,82,729
2011/06/24,73,200,74,000,73,000,74,000,90,740
2011/06/27,74,500,74,500,72,400,72,400,142,724
2011/06/28,71,800,73,600,71,600,72,900,118,729
2011/06/29,72,800,74,200,72,800,74,200,103,742
2011/06/30,74,200,74,400,73,600,74,400,96,744
2015/08/24,1,201,1,244,1,159,1,164,235,000,1,164
2015/08/25,1,094,1,200,1,070,1,124,293,600,1,124
2015/08/26,1,113,1,162,1,113,1,153,219,400,1,153
2015/08/27,1,182,1,233,1,181,1,198,211,200,1,198
2015/08/28,1,213,1,250,1,201,1,242,200,200,1,242
2015/08/31,1,226,1,238,1,201,1,231,146,500,1,231
2015/09/01,1,223,1,235,1,157,1,160,186,400,1,160
2015/09/02,1,125,1,203,1,123,1,164,133,200,1,164
2015/09/03,1,181,1,201,1,164,1,175,91,500,1,175
2015/09/04,1,180,1,185,1,095,1,103,138,000,1,103
2015/09/07,1,092,1,107,1,067,1,083,105,200,1,083
2015/09/08,1,082,1,094,1,035,1,040,91,100,1,040
2015/09/09,1,073,1,096,1,045,1,096,188,000,1,096
2015/09/10,1,076,1,096,1,049,1,085,92,600,1,085
2015/09/11,1,050,1,149,1,050,1,140,261,000,1,140
2015/09/14,1,136,1,212,1,063,1,068,287,200,1,068
2015/09/15,1,068,1,079,991,996,482,000,996
2015/09/16,1,011,1,018,988,998,210,400,998
2015/09/17,1,013,1,034,995,1,020,135,500,1,020
2015/09/18,1,023,1,035,990,998,160,700,998
2015/09/24,988,1,025,964,1,006,116,700,1,006
2015/09/25,1,005,1,022,975,998,132,500,998
2015/09/28,1,022,1,047,1,006,1,028,140,500,1,028
2015/09/29,1,012,1,016,955,959,125,900,959
2015/09/30,972,1,013,966,1,009,140,200,1,009
2015/10/01,1,009,1,015,984,991,96,900,991
2015/10/02,985,1,031,978,1,030,152,400,1,030
2015/10/05,1,078,1,088,1,043,1,058,219,800,1,058
2015/10/06,1,050,1,065,1,019,1,033,215,900,1,033
2015/10/07,1,040,1,040,1,006,1,023,144,500,1,023
