2011/06/03,46,500,46,500,46,500,46,500,2,465
2011/06/06,46,500,46,500,46,500,46,500,1,465
2011/06/07,45,500,46,450,45,200,45,300,11,453
2011/06/09,45,450,46,300,45,450,46,000,7,460
2011/06/13,44,800,44,800,44,800,44,800,2,448
2011/06/15,46,000,46,000,46,000,46,000,1,460
2011/06/16,46,350,46,350,44,600,44,800,10,448
2011/06/17,46,000,46,000,44,100,44,100,5,441
2011/06/21,43,900,45,900,43,650,45,900,10,459
2011/06/23,47,050,47,050,47,000,47,000,7,470
2011/06/27,45,450,45,700,45,450,45,700,2,457
2011/06/28,44,400,44,900,44,400,44,600,10,446
2011/06/29,46,000,46,400,46,000,46,400,2,464
2011/06/30,46,200,46,500,46,200,46,500,8,465
2015/08/24,1,320,1,358,945,1,035,1,539,400,1,035
2015/08/25,975,1,080,860,880,537,000,880
2015/08/26,895,968,881,894,311,900,894
2015/08/27,909,928,820,842,372,800,842
2015/08/28,869,884,828,850,254,800,850
2015/08/31,851,1,000,842,1,000,431,800,1,000
2015/09/01,1,030,1,113,955,1,006,1,086,100,1,006
2015/09/02,980,1,030,920,932,245,100,932
2015/09/03,960,973,871,879,219,500,879
2015/09/04,885,904,795,802,183,300,802
2015/09/07,795,822,776,790,72,600,790
2015/09/08,786,853,750,750,202,300,750
2015/09/09,795,800,770,780,68,800,780
2015/09/10,754,770,735,761,58,600,761
2015/09/11,760,812,750,794,68,100,794
2015/09/14,779,789,734,756,55,000,756
2015/09/15,738,760,730,736,47,100,736
2015/09/16,738,746,721,723,36,000,723
2015/09/17,720,727,715,715,39,200,715
2015/09/18,717,725,706,710,24,900,710
2015/09/24,701,706,692,702,30,000,702
2015/09/25,709,712,695,704,14,100,704
2015/09/28,704,723,700,705,12,600,705
2015/09/29,700,700,681,684,18,200,684
2015/09/30,684,699,675,691,23,300,691
2015/10/01,699,701,687,694,13,200,694
2015/10/02,694,697,687,694,8,600,694
2015/10/05,696,737,696,724,36,000,724
2015/10/06,730,736,720,721,23,400,721
2015/10/07,720,721,705,720,10,800,720
2015/10/08,715,719,702,706,23,300,706
