2011/06/03,1,361,1,401,1,343,1,353,12,100,1,353
2011/06/06,1,375,1,375,1,260,1,260,11,400,1,260
2011/06/07,1,265,1,305,1,222,1,287,10,100,1,287
2011/06/08,1,307,1,307,1,247,1,256,6,900,1,256
2011/06/09,1,257,1,257,1,175,1,191,12,300,1,191
2011/06/10,1,230,1,297,1,223,1,260,16,100,1,260
2011/06/13,1,213,1,429,1,200,1,426,54,500,1,426
2011/06/14,1,550,1,630,1,501,1,628,103,300,1,628
2011/06/15,1,630,1,630,1,505,1,560,41,700,1,560
2011/06/16,1,535,1,720,1,471,1,675,75,000,1,675
2011/06/17,1,700,1,780,1,560,1,560,61,000,1,560
2011/06/20,1,630,1,660,1,551,1,609,12,600,1,609
2011/06/21,1,556,1,556,1,460,1,515,12,700,1,515
2011/06/22,1,503,1,550,1,485,1,530,8,100,1,530
2011/06/23,1,531,1,575,1,500,1,558,9,600,1,558
2011/06/24,1,550,1,550,1,495,1,520,4,400,1,520
2011/06/27,1,473,1,491,1,462,1,480,5,200,1,480
2011/06/28,1,505,1,505,1,405,1,458,6,800,1,458
2011/06/29,1,480,1,495,1,449,1,495,1,700,1,495
2011/06/30,1,461,1,479,1,427,1,431,6,300,1,431
2015/08/24,845,845,735,735,12,400,735
2015/08/25,780,787,650,787,16,800,787
2015/08/26,815,815,755,784,11,800,784
2015/08/27,829,830,791,795,1,600,795
2015/08/28,780,800,758,788,2,700,788
2015/08/31,758,760,755,759,1,300,759
2015/09/01,798,798,760,761,1,500,761
2015/09/02,760,761,755,761,900,761
2015/09/03,761,762,749,762,2,100,762
2015/09/04,775,775,751,751,1,000,751
2015/09/07,766,766,710,725,500,725
2015/09/08,725,725,700,700,3,800,700
2015/09/09,701,741,701,741,500,741
2015/09/10,750,750,750,750,400,750
2015/09/11,720,735,720,735,600,735
2015/09/14,735,775,705,772,3,600,772
2015/09/15,772,773,715,715,1,800,715
2015/09/16,723,724,716,720,1,100,720
2015/09/17,745,750,720,723,2,600,723
2015/09/18,722,723,721,721,500,721
2015/09/24,716,716,702,702,400,702
2015/09/25,690,695,690,690,1,000,690
2015/09/28,705,705,701,705,800,705
2015/09/29,701,716,701,702,500,702
2015/09/30,725,725,725,725,100,725
2015/10/01,735,735,730,730,400,730
2015/10/02,701,716,701,705,800,705
2015/10/05,692,712,692,712,800,712
2015/10/06,715,725,715,725,1,100,725
2015/10/07,722,730,722,730,900,730
