2011/06/03,998,1,005,988,989,10,600,989
2011/06/06,1,005,1,009,999,999,5,800,999
2011/06/07,1,010,1,010,1,003,1,003,2,600,1,003
2011/06/08,1,000,1,005,995,998,2,400,998
2011/06/09,999,999,992,994,5,000,994
2011/06/10,988,1,009,988,992,15,200,992
2011/06/13,991,1,007,991,1,007,2,200,1,007
2011/06/14,1,000,1,005,995,997,6,400,997
2011/06/15,1,000,1,004,997,1,003,3,700,1,003
2011/06/16,1,003,1,005,1,003,1,003,7,700,1,003
2011/06/17,1,003,1,003,991,991,6,200,991
2011/06/20,992,999,990,991,5,400,991
2011/06/21,991,996,991,992,3,700,992
2011/06/22,996,1,005,994,1,005,5,900,1,005
2011/06/23,1,005,1,005,1,003,1,005,3,100,1,005
2011/06/24,1,007,1,009,1,005,1,006,3,700,1,006
2011/06/27,1,006,1,020,1,006,1,006,8,300,1,006
2011/06/28,1,006,1,024,1,006,1,024,7,400,1,024
2011/06/29,1,029,1,040,1,029,1,040,3,600,1,040
2011/06/30,1,040,1,050,1,030,1,050,4,900,1,050
2015/08/24,1,300,1,346,1,290,1,290,27,500,1,290
2015/08/25,1,282,1,330,1,253,1,291,28,300,1,291
2015/08/26,1,321,1,325,1,295,1,318,12,300,1,318
2015/08/27,1,349,1,361,1,330,1,346,16,200,1,346
2015/08/28,1,398,1,398,1,363,1,372,10,300,1,372
2015/08/31,1,374,1,374,1,351,1,373,9,600,1,373
2015/09/01,1,375,1,375,1,340,1,340,12,600,1,340
2015/09/02,1,311,1,335,1,305,1,316,14,400,1,316
2015/09/03,1,330,1,339,1,303,1,319,8,400,1,319
2015/09/04,1,330,1,330,1,300,1,312,10,200,1,312
2015/09/07,1,300,1,343,1,295,1,319,15,000,1,319
2015/09/08,1,319,1,324,1,300,1,304,8,600,1,304
2015/09/09,1,317,1,337,1,306,1,337,12,700,1,337
2015/09/10,1,325,1,327,1,311,1,323,7,600,1,323
2015/09/11,1,306,1,324,1,306,1,318,20,000,1,318
2015/09/14,1,330,1,330,1,311,1,311,8,000,1,311
2015/09/15,1,310,1,324,1,309,1,312,10,800,1,312
2015/09/16,1,317,1,319,1,310,1,313,7,000,1,313
2015/09/17,1,315,1,330,1,315,1,327,8,800,1,327
2015/09/18,1,327,1,356,1,323,1,350,19,500,1,350
2015/09/24,1,350,1,350,1,332,1,332,28,800,1,332
2015/09/25,1,325,1,351,1,325,1,329,71,800,1,329
2015/09/28,1,309,1,321,1,305,1,314,41,900,1,314
2015/09/29,1,310,1,314,1,294,1,303,22,600,1,303
2015/09/30,1,314,1,318,1,303,1,311,8,500,1,311
2015/10/01,1,315,1,320,1,305,1,319,11,100,1,319
2015/10/02,1,317,1,323,1,307,1,317,8,500,1,317
2015/10/05,1,317,1,317,1,308,1,310,5,400,1,310
2015/10/06,1,317,1,317,1,308,1,315,9,700,1,315
2015/10/07,1,305,1,317,1,305,1,313,5,700,1,313
2015/10/08,1,308,1,313,1,303,1,309,7,600,1,309
