2011/06/09,2,491,2,510,2,457,2,472,105,500,618
2011/06/14,2,444,2,550,2,428,2,548,110,500,637
2011/06/20,2,632,2,710,2,620,2,692,234,300,673
2011/06/27,2,860,2,948,2,850,2,924,285,400,731
2015/08/24,4,540,4,680,4,400,4,405,985,300,4,405
2015/08/25,4,155,4,535,4,055,4,325,1,528,400,4,325
2015/08/26,4,340,4,460,4,335,4,405,916,400,4,405
2015/08/27,4,500,4,645,4,500,4,590,633,900,4,590
2015/08/28,4,715,4,715,4,570,4,630,764,100,4,630
2015/08/31,4,630,4,675,4,535,4,645,531,200,4,645
2015/09/01,4,600,4,600,4,340,4,345,622,200,4,345
2015/09/02,4,250,4,380,4,240,4,260,945,200,4,260
2015/09/03,4,315,4,425,4,290,4,305,553,700,4,305
2015/09/04,4,300,4,305,4,125,4,125,924,600,4,125
2015/09/07,4,085,4,155,4,055,4,105,782,800,4,105
2015/09/08,4,110,4,175,3,955,3,965,914,600,3,965
2015/09/09,4,315,4,335,4,145,4,335,1,538,700,4,335
2015/09/10,4,200,4,245,4,105,4,135,890,400,4,135
2015/09/11,4,165,4,210,4,100,4,115,935,200,4,115
2015/09/14,4,110,4,165,4,040,4,045,839,300,4,045
2015/09/15,4,075,4,155,4,055,4,095,540,700,4,095
2015/09/16,4,120,4,145,3,945,3,975,825,400,3,975
2015/09/17,4,030,4,095,3,975,4,080,801,400,4,080
2015/09/18,4,040,4,070,3,960,3,960,610,700,3,960
2015/09/24,3,940,3,970,3,840,3,845,954,800,3,845
2015/09/25,3,850,3,930,3,825,3,925,1,009,400,3,925
