2011/06/03,98,98,95,96,280,000,96
2011/06/06,97,97,96,96,64,000,96
2011/06/07,97,97,96,96,41,000,96
2011/06/08,97,97,95,95,124,000,95
2011/06/09,95,96,95,96,88,000,96
2011/06/10,96,97,96,96,238,000,96
2011/06/13,96,96,94,94,142,000,94
2011/06/14,96,98,96,98,166,000,98
2011/06/15,98,100,98,100,381,000,100
2011/06/16,98,100,96,96,274,000,96
2011/06/17,96,97,93,94,556,000,94
2011/06/20,94,95,94,94,125,000,94
2011/06/21,95,96,94,96,130,000,96
2011/06/22,96,97,95,96,109,000,96
2011/06/23,95,96,95,96,65,000,96
2011/06/24,96,97,95,97,276,000,97
2011/06/27,97,97,96,96,105,000,96
2011/06/28,96,97,96,97,186,000,97
2011/06/29,97,97,96,97,79,000,97
2011/06/30,98,98,97,98,255,000,98
2015/08/24,350,354,340,341,1,489,000,341
2015/08/25,322,354,317,331,1,749,000,331
2015/08/26,339,343,335,335,1,101,000,335
2015/08/27,343,352,342,344,1,167,000,344
2015/08/28,354,355,346,350,1,559,000,350
2015/08/31,352,353,343,345,1,251,000,345
2015/09/01,345,345,337,337,1,284,000,337
2015/09/02,331,343,327,335,966,000,335
2015/09/03,338,340,331,331,861,000,331
2015/09/04,332,333,320,322,1,280,000,322
2015/09/07,317,321,316,319,796,000,319
2015/09/08,320,320,314,315,981,000,315
2015/09/09,322,327,315,327,1,251,000,327
2015/09/10,321,322,314,320,1,681,000,320
2015/09/11,316,326,316,322,1,005,000,322
2015/09/14,327,328,318,318,828,000,318
2015/09/15,325,325,316,319,1,432,000,319
2015/09/16,321,321,316,318,1,032,000,318
2015/09/17,322,328,319,326,1,026,000,326
2015/09/18,324,325,320,320,1,075,000,320
2015/09/24,317,322,316,316,1,740,000,316
2015/09/25,316,322,315,321,3,972,000,321
2015/09/28,319,322,317,320,1,255,000,320
2015/09/29,316,317,305,307,1,635,000,307
2015/09/30,309,322,309,319,1,173,000,319
2015/10/01,321,322,316,320,997,000,320
2015/10/02,320,327,318,326,1,264,000,326
2015/10/05,340,348,335,346,2,297,000,346
2015/10/06,357,360,349,354,3,105,000,354
2015/10/07,346,347,337,341,2,108,000,341
2015/10/08,340,341,332,336,1,618,000,336
2015/10/09,337,338,328,338,1,541,000,338
