2011/06/07,13,800,13,800,13,520,13,600,273,136
2011/06/08,13,550,13,750,13,500,13,700,135,137
2011/06/14,13,510,13,940,13,470,13,800,98,138
2011/06/16,13,520,13,620,13,450,13,600,98,136
2011/06/17,13,410,13,800,13,300,13,800,98,138
2011/06/20,13,350,13,800,13,350,13,800,87,138
2011/06/21,13,770,13,800,13,550,13,800,420,138
2011/06/22,13,790,13,790,13,700,13,700,13,137
2011/06/23,13,700,13,700,13,540,13,700,43,137
2011/06/27,13,900,13,900,13,900,13,900,12,139
2015/08/24,47,49,42,44,2,642,300,44
2015/08/25,39,44,32,39,4,522,500,39
2015/08/26,38,41,37,41,1,794,200,41
2015/08/27,43,43,39,40,1,354,000,40
2015/08/28,40,41,39,41,1,141,800,41
2015/08/31,41,41,39,39,670,300,39
2015/09/01,40,40,38,38,562,500,38
2015/09/02,38,39,37,37,918,200,37
2015/09/03,38,39,36,37,665,000,37
2015/09/04,36,37,32,35,2,673,000,35
2015/09/07,33,34,31,33,1,306,600,33
2015/09/08,32,34,32,33,635,100,33
2015/09/09,34,35,33,35,223,400,35
2015/09/10,34,34,33,33,386,900,33
2015/09/11,34,35,33,35,365,300,35
2015/09/14,35,37,35,35,672,000,35
2015/09/15,35,36,35,36,230,200,36
2015/09/16,36,36,34,34,404,500,34
2015/09/17,35,36,34,36,202,200,36
2015/09/18,36,36,35,35,110,400,35
2015/09/24,35,40,34,39,2,019,800,39
2015/09/25,39,39,38,38,556,200,38
2015/09/28,38,39,37,39,318,500,39
2015/09/29,38,38,35,35,399,800,35
2015/09/30,35,37,35,36,407,100,36
2015/10/01,36,37,35,37,248,200,37
2015/10/02,37,37,36,36,212,500,36
2015/10/05,36,37,35,37,133,000,37
2015/10/06,37,38,37,37,187,500,37
2015/10/07,37,38,36,38,217,900,38
2015/10/08,37,37,36,37,110,300,37
