2011/06/01,629,640,627,631,2,300,631
2011/06/02,620,627,620,627,1,200,627
2011/06/03,640,640,629,634,600,634
2011/06/06,632,639,632,634,700,634
2011/06/07,633,633,633,633,600,633
2011/06/08,630,635,627,627,1,800,627
2011/06/09,620,623,620,623,800,623
2011/06/10,630,630,629,629,300,629
2011/06/13,624,624,624,624,100,624
2011/06/14,634,634,620,620,5,000,620
2011/06/15,623,623,623,623,100,623
2011/06/17,623,623,623,623,400,623
2011/06/20,631,631,631,631,200,631
2011/06/21,644,644,641,641,900,641
2011/06/22,641,641,641,641,100,641
2011/06/23,641,641,641,641,100,641
2011/06/24,640,640,636,636,900,636
2011/06/27,648,648,643,643,500,643
2011/06/29,640,642,640,642,300,642
2011/06/30,636,641,636,638,600,638
2015/08/20,1,539,1,539,1,490,1,490,1,700,1,490
2015/08/21,1,481,1,500,1,451,1,459,4,500,1,459
2015/08/24,1,420,1,460,1,360,1,374,7,100,1,374
2015/08/25,1,320,1,368,1,270,1,340,5,500,1,340
2015/08/26,1,399,1,405,1,375,1,400,900,1,400
2015/08/27,1,414,1,414,1,388,1,407,1,200,1,407
2015/08/28,1,446,1,468,1,417,1,468,1,000,1,468
2015/08/31,1,460,1,460,1,459,1,459,500,1,459
2015/09/01,1,429,1,458,1,410,1,410,700,1,410
2015/09/02,1,410,1,410,1,410,1,410,500,1,410
2015/09/03,1,415,1,415,1,391,1,391,200,1,391
2015/09/04,1,380,1,383,1,372,1,379,1,800,1,379
2015/09/07,1,370,1,371,1,320,1,320,2,400,1,320
2015/09/08,1,330,1,330,1,295,1,300,1,600,1,300
2015/09/09,1,317,1,380,1,317,1,380,1,300,1,380
2015/09/10,1,380,1,390,1,380,1,390,900,1,390
2015/09/11,1,415,1,498,1,415,1,498,2,500,1,498
2015/09/14,1,499,1,501,1,499,1,501,1,000,1,501
2015/09/15,1,501,1,501,1,396,1,436,1,000,1,436
2015/09/16,1,436,1,436,1,436,1,436,400,1,436
2015/09/24,1,469,1,469,1,367,1,405,1,200,1,405
2015/09/25,1,406,1,406,1,406,1,406,400,1,406
2015/09/28,1,470,1,470,1,470,1,470,200,1,470
2015/09/29,1,440,1,440,1,400,1,400,500,1,400
2015/09/30,1,400,1,410,1,400,1,405,900,1,405
2015/10/01,1,410,1,410,1,410,1,410,100,1,410
2015/10/02,1,401,1,430,1,401,1,405,1,300,1,405
2015/10/05,1,500,1,500,1,420,1,420,1,900,1,420
2015/10/06,1,440,1,440,1,440,1,440,100,1,440
2015/10/08,1,440,1,440,1,415,1,415,400,1,415
