2011/05/31,416,425,416,425,2,800,425
2011/06/02,420,426,420,426,400,426
2011/06/06,418,425,416,425,1,400,425
2011/06/07,420,424,419,419,300,419
2011/06/08,419,424,419,424,500,424
2011/06/09,424,425,420,420,1,200,420
2011/06/10,424,424,418,418,900,418
2011/06/13,418,420,418,418,800,418
2011/06/14,422,422,420,420,600,420
2011/06/15,424,424,424,424,300,424
2011/06/16,422,424,422,424,1,000,424
2011/06/17,425,425,422,422,1,200,422
2011/06/20,419,423,419,423,600,423
2011/06/21,423,423,419,419,700,419
2011/06/22,424,424,417,424,1,300,424
2011/06/24,425,427,421,424,1,000,424
2011/06/27,427,434,423,434,1,600,434
2011/06/28,437,438,429,429,2,900,429
2011/06/29,435,437,431,437,2,100,437
2011/06/30,437,439,425,425,3,100,425
2015/08/24,830,855,820,823,8,900,823
2015/08/25,750,820,750,820,15,000,820
2015/08/26,825,870,825,870,4,800,870
2015/08/27,878,879,862,877,6,000,877
2015/08/28,877,879,874,874,3,500,874
2015/08/31,879,883,876,880,3,800,880
2015/09/01,879,879,850,850,2,900,850
2015/09/02,849,855,840,846,3,200,846
2015/09/03,853,853,836,836,1,900,836
2015/09/04,836,836,801,810,4,200,810
2015/09/07,800,816,794,802,6,600,802
2015/09/08,794,798,780,785,8,200,785
2015/09/09,786,810,786,796,3,800,796
2015/09/10,808,820,800,820,1,800,820
2015/09/11,827,827,793,800,6,600,800
2015/09/14,806,823,806,816,4,500,816
2015/09/15,816,822,815,815,3,100,815
2015/09/16,815,815,815,815,700,815
2015/09/17,815,820,815,815,2,800,815
2015/09/18,815,818,812,815,1,500,815
2015/09/24,815,820,813,820,5,300,820
2015/09/25,822,840,822,840,3,800,840
2015/09/28,855,867,855,858,4,100,858
2015/09/29,831,860,831,847,3,900,847
2015/09/30,847,868,847,868,2,800,868
2015/10/01,871,877,860,877,5,600,877
2015/10/02,878,881,872,872,5,700,872
2015/10/05,886,899,877,877,4,400,877
2015/10/06,892,892,877,880,3,800,880
2015/10/07,877,879,875,877,1,300,877
