2011/06/03,363,364,362,362,500,362
2011/06/06,360,365,355,365,1,200,365
2011/06/07,364,367,364,364,800,364
2011/06/08,365,365,365,365,100,365
2011/06/09,368,368,368,368,100,368
2011/06/10,365,365,365,365,2,500,365
2011/06/13,365,368,365,366,800,366
2011/06/14,370,370,370,370,2,700,370
2011/06/15,370,376,365,376,5,500,376
2011/06/16,359,365,359,364,3,200,364
2011/06/17,363,365,363,365,2,000,365
2011/06/20,369,369,366,366,2,200,366
2011/06/21,366,366,358,358,1,400,358
2011/06/22,360,364,358,364,1,000,364
2011/06/23,360,362,358,360,1,700,360
2011/06/24,365,370,365,370,1,800,370
2011/06/27,372,372,365,365,1,600,365
2011/06/28,365,365,363,363,1,600,363
2011/06/29,365,365,364,364,700,364
2011/06/30,364,364,363,363,3,300,363
2015/08/24,590,590,559,559,14,900,559
2015/08/25,545,585,535,550,23,700,550
2015/08/26,551,584,551,570,2,900,570
2015/08/27,592,592,582,585,4,000,585
2015/08/28,585,593,585,590,2,000,590
2015/08/31,597,598,590,590,1,800,590
2015/09/01,590,597,572,572,3,000,572
2015/09/02,572,580,570,579,1,400,579
2015/09/03,569,582,569,572,2,900,572
2015/09/04,571,573,550,558,7,300,558
2015/09/07,546,552,546,552,2,300,552
2015/09/08,552,552,544,544,6,300,544
2015/09/09,550,560,550,553,4,100,553
2015/09/10,553,559,552,559,1,800,559
2015/09/11,563,580,563,580,2,300,580
2015/09/14,570,571,570,570,1,000,570
2015/09/15,560,562,558,560,7,600,560
2015/09/16,560,569,560,569,2,400,569
2015/09/17,570,574,570,574,5,700,574
2015/09/18,579,580,579,580,2,800,580
2015/09/24,580,583,577,581,4,200,581
2015/09/25,588,590,586,590,8,600,590
2015/09/28,590,590,585,589,3,700,589
2015/09/29,589,589,565,576,3,000,576
2015/09/30,587,588,584,586,2,100,586
2015/10/01,584,586,581,582,2,600,582
2015/10/02,584,584,581,581,2,000,581
2015/10/05,586,588,582,586,800,586
2015/10/06,590,590,585,586,4,600,586
2015/10/07,588,590,585,590,2,500,590
2015/10/08,587,595,587,594,4,600,594
