2011/05/20,102,000,105,100,102,000,105,000,13,525
2011/05/23,101,600,101,600,98,000,98,000,6,490
2011/05/26,95,000,95,000,93,000,93,000,12,465
2011/05/27,93,100,93,100,93,000,93,000,3,465
2011/05/30,90,100,90,100,90,000,90,000,5,450
2011/06/01,88,800,88,800,88,800,88,800,2,444
2011/06/06,88,800,88,800,88,800,88,800,4,444
2011/06/07,91,800,91,800,91,800,91,800,1,459
2011/06/20,89,000,89,000,89,000,89,000,1,445
2011/06/21,89,200,89,200,89,200,89,200,1,446
2011/06/23,90,200,90,200,90,200,90,200,1,451
2011/06/24,89,400,89,400,89,400,89,400,2,447
2011/06/29,87,800,87,800,87,800,87,800,10,439
2011/06/30,92,400,92,400,92,400,92,400,8,462
2015/08/21,645,645,644,644,5,200,644
2015/08/24,635,636,634,634,6,300,634
2015/08/25,570,634,570,589,4,300,589
2015/08/26,590,600,588,590,1,700,590
2015/08/27,572,670,572,660,4,800,660
2015/08/28,640,653,619,650,1,000,650
2015/08/31,620,620,612,615,1,500,615
2015/09/01,635,635,612,612,1,000,612
2015/09/02,597,600,591,591,700,591
2015/09/03,600,604,593,593,600,593
2015/09/04,593,604,593,593,1,000,593
2015/09/07,576,579,570,578,2,900,578
2015/09/08,581,599,580,580,400,580
2015/09/09,580,599,580,598,800,598
2015/09/10,589,598,588,598,500,598
2015/09/11,596,599,596,599,400,599
2015/09/14,609,609,595,606,1,700,606
2015/09/15,622,622,622,622,2,200,622
2015/09/17,622,622,608,611,1,100,611
2015/09/18,605,621,605,621,700,621
2015/09/24,602,602,602,602,300,602
2015/09/25,610,620,610,620,2,000,620
