2011/06/06,4,065,4,080,4,005,4,020,52,430,402
2011/06/13,4,035,4,075,4,010,4,030,47,410,403
2011/06/16,3,985,3,995,3,920,3,930,67,550,393
2011/06/17,3,955,3,960,3,850,3,870,62,750,387
2011/06/20,3,860,3,925,3,860,3,890,43,020,389
2011/06/21,3,920,3,995,3,890,3,990,73,200,399
2011/06/22,3,995,4,090,3,975,4,080,86,560,408
2011/06/27,4,105,4,115,4,045,4,050,64,940,405
2011/06/29,4,145,4,200,4,130,4,200,75,060,420
2011/06/30,4,230,4,280,4,210,4,280,72,060,428
2015/08/24,1,200,1,213,1,164,1,164,1,344,800,1,164
2015/08/25,1,107,1,156,1,100,1,104,1,464,000,1,104
2015/08/26,1,142,1,165,1,118,1,160,1,478,300,1,160
2015/08/27,1,180,1,198,1,170,1,177,888,000,1,177
2015/08/28,1,219,1,233,1,198,1,229,1,122,100,1,229
2015/08/31,1,222,1,227,1,201,1,214,1,038,400,1,214
2015/09/01,1,206,1,210,1,158,1,158,789,800,1,158
2015/09/02,1,128,1,172,1,124,1,156,1,051,000,1,156
2015/09/03,1,156,1,188,1,154,1,165,929,600,1,165
2015/09/04,1,177,1,177,1,125,1,135,703,100,1,135
2015/09/07,1,134,1,142,1,110,1,126,623,800,1,126
2015/09/08,1,128,1,140,1,109,1,114,571,700,1,114
2015/09/09,1,152,1,191,1,146,1,191,706,800,1,191
2015/09/10,1,157,1,179,1,151,1,170,772,600,1,170
2015/09/11,1,178,1,187,1,162,1,176,1,292,800,1,176
2015/09/14,1,186,1,189,1,160,1,160,440,800,1,160
2015/09/15,1,165,1,194,1,155,1,172,552,600,1,172
2015/09/16,1,181,1,187,1,166,1,180,420,300,1,180
2015/09/17,1,189,1,191,1,162,1,179,562,700,1,179
2015/09/18,1,167,1,167,1,147,1,156,839,100,1,156
2015/09/24,1,145,1,174,1,137,1,146,799,900,1,146
2015/09/25,1,155,1,168,1,140,1,159,713,500,1,159
2015/09/28,1,156,1,190,1,154,1,175,525,500,1,175
2015/09/29,1,148,1,156,1,095,1,103,865,700,1,103
2015/09/30,1,123,1,140,1,117,1,131,548,600,1,131
2015/10/01,1,145,1,191,1,130,1,162,743,300,1,162
2015/10/02,1,160,1,171,1,147,1,153,505,700,1,153
2015/10/05,1,171,1,195,1,170,1,191,560,200,1,191
2015/10/06,1,200,1,209,1,182,1,189,745,800,1,189
2015/10/07,1,191,1,208,1,184,1,204,658,000,1,204
