2015/08/24,5,100,5,210,5,010,5,020,918,800,5,020
2015/08/25,4,770,5,030,4,740,4,815,1,352,900,4,815
2015/08/26,4,820,4,895,4,755,4,785,1,145,700,4,785
2015/08/27,4,955,5,040,4,905,4,990,966,700,4,990
2015/08/28,5,120,5,130,5,030,5,080,931,200,5,080
2015/08/31,5,090,5,150,5,060,5,130,965,200,5,130
2015/09/01,5,150,5,150,4,905,4,910,781,000,4,910
2015/09/02,4,800,4,910,4,750,4,790,902,900,4,790
2015/09/03,4,790,4,865,4,755,4,760,902,600,4,760
2015/09/04,4,775,4,785,4,590,4,615,1,140,800,4,615
2015/09/07,4,615,4,635,4,505,4,560,1,091,100,4,560
2015/09/08,4,590,4,645,4,500,4,510,1,381,500,4,510
2015/09/09,4,650,4,665,4,545,4,585,1,244,300,4,585
2015/09/10,4,555,4,555,4,475,4,510,715,200,4,510
2015/09/11,4,665,4,675,4,515,4,535,1,184,400,4,535
2015/09/14,4,535,4,580,4,505,4,515,598,100,4,515
2015/09/15,4,550,4,635,4,550,4,555,800,400,4,555
2015/09/16,4,580,4,590,4,430,4,470,1,073,500,4,470
2015/09/17,4,480,4,580,4,455,4,555,649,500,4,555
2015/09/18,4,595,4,635,4,460,4,470,554,800,4,470
2015/09/24,4,465,4,490,4,400,4,405,668,900,4,405
2015/09/25,4,380,4,485,4,360,4,485,438,100,4,485
2015/09/28,4,515,4,520,4,425,4,480,401,600,4,480
2015/09/29,4,425,4,470,4,395,4,405,863,800,4,405
2015/09/30,4,500,4,625,4,465,4,585,1,320,700,4,585
2015/10/01,4,600,4,600,4,530,4,550,722,900,4,550
2015/10/02,4,525,4,540,4,450,4,480,467,000,4,480
2015/10/05,4,560,4,570,4,510,4,550,350,100,4,550
2015/10/06,4,620,4,685,4,550,4,640,772,300,4,640
2015/10/07,4,640,4,640,4,530,4,585,553,300,4,585
2015/10/08,4,590,4,590,4,520,4,525,793,500,4,525
2015/10/09,4,595,4,640,4,540,4,625,526,400,4,625
