2011/06/01,1,395,1,395,1,395,1,395,200,1,395
2011/06/02,1,395,1,395,1,384,1,384,200,1,384
2011/06/03,1,384,1,384,1,380,1,380,200,1,380
2011/06/06,1,380,1,380,1,380,1,380,200,1,380
2011/06/07,1,395,1,395,1,395,1,395,200,1,395
2011/06/09,1,390,1,390,1,385,1,390,400,1,390
2011/06/10,1,390,1,395,1,390,1,395,800,1,395
2011/06/13,1,399,1,403,1,399,1,402,600,1,402
2011/06/14,1,403,1,410,1,403,1,410,1,100,1,410
2011/06/15,1,418,1,418,1,418,1,418,100,1,418
2011/06/16,1,422,1,440,1,421,1,440,1,500,1,440
2011/06/17,1,450,1,455,1,445,1,445,1,200,1,445
2011/06/20,1,445,1,446,1,445,1,446,5,100,1,446
2011/06/21,1,449,1,449,1,420,1,444,1,600,1,444
2011/06/22,1,430,1,430,1,430,1,430,900,1,430
2011/06/23,1,430,1,450,1,430,1,450,1,300,1,450
2011/06/24,1,450,1,450,1,450,1,450,500,1,450
2011/06/27,1,450,1,450,1,450,1,450,3,700,1,450
2011/06/28,1,441,1,441,1,439,1,439,400,1,439
2011/06/29,1,438,1,438,1,431,1,431,300,1,431
2015/08/24,1,688,1,700,1,668,1,678,2,000,1,678
2015/08/25,1,678,1,689,1,655,1,670,5,300,1,670
2015/08/26,1,657,1,695,1,657,1,683,1,500,1,683
2015/08/27,1,684,1,694,1,680,1,681,1,300,1,681
2015/08/28,1,692,1,692,1,682,1,688,800,1,688
2015/08/31,1,693,1,693,1,687,1,688,900,1,688
2015/09/01,1,688,1,688,1,687,1,687,400,1,687
2015/09/02,1,680,1,682,1,680,1,681,1,000,1,681
2015/09/03,1,680,1,683,1,680,1,680,600,1,680
2015/09/04,1,689,1,698,1,658,1,661,700,1,661
2015/09/07,1,656,1,697,1,650,1,697,1,900,1,697
2015/09/08,1,657,1,680,1,657,1,680,1,300,1,680
2015/09/09,1,670,1,690,1,670,1,680,800,1,680
2015/09/10,1,683,1,683,1,654,1,662,1,900,1,662
2015/09/11,1,660,1,667,1,653,1,653,800,1,653
2015/09/14,1,654,1,670,1,654,1,655,800,1,655
2015/09/15,1,671,1,688,1,671,1,685,600,1,685
2015/09/16,1,685,1,685,1,681,1,681,500,1,681
2015/09/17,1,684,1,685,1,681,1,685,500,1,685
2015/09/18,1,685,1,690,1,685,1,690,2,500,1,690
2015/09/24,1,705,1,705,1,675,1,691,4,200,1,691
2015/09/25,1,692,1,694,1,692,1,694,1,900,1,694
2015/09/28,1,695,1,698,1,695,1,695,1,400,1,695
2015/09/29,1,696,1,696,1,677,1,677,5,500,1,677
2015/09/30,1,675,1,697,1,672,1,679,1,800,1,679
2015/10/01,1,679,1,715,1,679,1,715,2,500,1,715
2015/10/02,1,717,1,730,1,682,1,692,1,700,1,692
2015/10/05,1,700,1,720,1,700,1,717,1,300,1,717
2015/10/06,1,717,1,722,1,700,1,700,1,900,1,700
2015/10/07,1,700,1,705,1,691,1,697,1,500,1,697
