2011/06/03,840,843,831,831,4,600,831
2011/06/06,832,833,828,828,3,500,828
2011/06/07,828,832,828,831,1,100,831
2011/06/08,831,833,820,821,4,100,821
2011/06/09,816,820,816,817,3,700,817
2011/06/10,819,827,819,819,11,300,819
2011/06/13,818,825,817,820,3,000,820
2011/06/14,820,820,814,818,3,600,818
2011/06/15,818,821,816,817,3,600,817
2011/06/16,815,821,815,816,2,000,816
2011/06/17,817,818,804,805,7,700,805
2011/06/20,803,809,801,802,4,700,802
2011/06/21,802,807,800,805,3,700,805
2011/06/22,806,817,806,817,4,600,817
2011/06/23,810,823,807,817,7,000,817
2011/06/24,817,826,816,826,3,500,826
2011/06/27,828,828,819,828,6,800,828
2011/06/28,828,834,823,829,5,600,829
2011/06/29,830,847,830,847,5,100,847
2011/06/30,862,864,846,864,13,600,864
2015/08/24,1,010,1,026,1,000,1,000,16,300,1,000
2015/08/25,970,1,009,970,973,21,000,973
2015/08/26,980,1,002,977,999,17,300,999
2015/08/27,1,019,1,019,1,002,1,003,7,700,1,003
2015/08/28,1,023,1,040,1,006,1,019,8,000,1,019
2015/08/31,1,020,1,026,1,017,1,019,5,100,1,019
2015/09/01,1,019,1,023,1,009,1,011,8,500,1,011
2015/09/02,999,1,011,985,985,19,300,985
2015/09/03,988,1,000,979,980,14,600,980
2015/09/04,983,987,975,978,9,300,978
2015/09/07,976,989,960,975,12,000,975
2015/09/08,970,976,962,962,11,400,962
2015/09/09,973,980,966,975,10,800,975
2015/09/10,966,970,951,953,19,800,953
2015/09/11,950,970,950,961,19,800,961
2015/09/14,965,975,957,957,14,800,957
2015/09/15,960,970,960,963,5,500,963
2015/09/16,963,970,961,965,6,900,965
2015/09/17,966,975,966,972,7,800,972
2015/09/18,961,967,957,960,9,900,960
2015/09/24,960,964,953,953,11,700,953
2015/09/25,950,965,950,965,8,700,965
