2011/06/03,152,157,151,155,35,700,155
2011/06/06,152,163,151,163,39,700,163
2011/06/07,166,196,158,158,932,600,158
2011/06/08,162,162,158,159,77,100,159
2011/06/09,159,160,155,155,32,700,155
2011/06/10,158,166,156,160,59,000,160
2011/06/13,160,160,156,159,34,100,159
2011/06/14,159,163,158,160,39,000,160
2011/06/15,161,166,159,166,53,300,166
2011/06/16,165,168,161,168,86,000,168
2011/06/17,168,182,166,174,334,900,174
2011/06/20,172,173,168,171,65,700,171
2011/06/21,169,170,164,170,46,300,170
2011/06/22,171,174,167,167,45,500,167
2011/06/23,168,168,166,167,12,900,167
2011/06/24,167,168,166,167,13,300,167
2011/06/27,168,169,161,165,14,200,165
2011/06/28,166,166,163,165,12,800,165
2011/06/29,167,167,163,166,35,700,166
2011/06/30,165,166,164,166,21,000,166
2015/08/24,206,218,190,192,169,500,192
2015/08/25,167,190,158,170,271,500,170
2015/08/26,180,191,176,191,125,600,191
2015/08/27,199,200,185,190,98,400,190
2015/08/28,191,204,191,204,91,400,204
2015/08/31,204,204,199,203,25,700,203
2015/09/01,203,203,184,184,28,100,184
2015/09/02,192,217,187,191,581,800,191
2015/09/03,199,200,192,195,43,900,195
2015/09/04,196,196,182,187,63,600,187
2015/09/07,182,184,177,179,75,400,179
2015/09/08,179,185,175,178,41,700,178
2015/09/09,183,190,183,189,34,100,189
2015/09/10,189,189,184,189,17,900,189
2015/09/11,189,196,188,195,28,700,195
2015/09/14,197,198,190,190,21,300,190
2015/09/15,190,193,189,190,13,500,190
2015/09/16,190,190,187,188,13,100,188
2015/09/17,189,219,189,193,481,000,193
2015/09/18,193,196,191,194,39,200,194
2015/09/24,194,194,188,188,28,300,188
2015/09/25,190,194,185,189,43,100,189
2015/09/28,192,195,192,193,12,100,193
2015/09/29,198,198,185,187,35,900,187
2015/09/30,189,215,189,194,508,500,194
2015/10/01,199,199,195,198,41,400,198
2015/10/02,199,199,195,197,41,700,197
2015/10/05,199,202,199,200,39,800,200
2015/10/06,201,208,201,204,81,200,204
2015/10/07,204,208,202,206,56,700,206
2015/10/08,208,208,202,202,39,700,202
