2011/06/02,502,502,497,499,1,000,499
2011/06/03,500,500,498,498,1,100,498
2011/06/06,497,497,482,485,4,300,485
2011/06/07,488,488,480,481,4,000,481
2011/06/08,482,495,482,495,700,495
2011/06/09,488,496,488,489,600,489
2011/06/10,489,489,488,488,700,488
2011/06/13,489,494,489,494,400,494
2011/06/14,493,496,492,496,1,000,496
2011/06/15,499,499,495,497,4,400,497
2011/06/16,496,497,494,494,3,400,494
2011/06/20,494,507,493,505,9,900,505
2011/06/21,505,510,501,506,5,700,506
2011/06/22,510,510,507,507,900,507
2011/06/23,510,510,510,510,800,510
2011/06/24,511,514,508,513,4,500,513
2011/06/27,513,518,511,518,6,000,518
2011/06/28,518,521,517,521,3,000,521
2011/06/29,520,537,520,537,17,600,537
2011/06/30,538,540,530,539,5,100,539
2015/08/24,750,750,748,748,9,500,748
2015/08/25,741,761,738,750,15,500,750
2015/08/26,751,760,751,759,4,400,759
2015/08/27,760,775,759,765,3,200,765
2015/08/28,766,773,766,771,3,700,771
2015/08/31,769,771,765,767,2,700,767
2015/09/01,770,770,765,765,2,700,765
2015/09/02,758,763,755,756,8,200,756
2015/09/03,762,769,762,762,2,400,762
2015/09/04,767,767,757,757,4,100,757
2015/09/07,757,765,756,765,3,900,765
2015/09/08,765,765,756,757,4,100,757
2015/09/09,756,770,756,757,9,900,757
2015/09/10,756,759,754,757,3,000,757
2015/09/11,763,763,751,751,5,500,751
2015/09/14,755,755,751,752,4,700,752
2015/09/15,762,762,753,753,9,300,753
2015/09/16,753,753,750,751,3,700,751
2015/09/17,751,754,751,752,2,500,752
2015/09/18,752,755,752,755,1,800,755
2015/09/24,752,755,749,749,7,500,749
2015/09/25,755,758,751,751,4,000,751
