2011/06/03,698,703,676,676,417,300,676
2011/06/06,679,688,665,669,361,000,669
2011/06/07,664,685,664,681,504,000,681
2011/06/08,682,707,678,702,724,200,702
2011/06/09,701,745,696,735,1,388,700,735
2011/06/10,745,792,745,785,2,291,800,785
2011/06/13,770,795,766,790,1,170,000,790
2011/06/14,792,815,790,799,795,200,799
2011/06/15,803,813,803,809,666,000,809
2011/06/16,807,812,779,781,927,400,781
2011/06/17,786,792,764,765,610,000,765
2011/06/20,777,781,766,772,394,500,772
2011/06/21,783,788,759,763,788,100,763
2011/06/22,760,779,752,771,817,900,771
2011/06/23,750,757,746,747,919,800,747
2011/06/24,745,753,740,745,699,400,745
2011/06/27,732,737,722,728,617,500,728
2011/06/28,743,750,730,734,416,600,734
2011/06/29,739,755,739,755,432,400,755
2011/06/30,751,760,735,757,1,114,700,757
2015/08/24,854,867,841,843,594,400,843
2015/08/25,819,849,800,824,725,100,824
2015/08/26,838,849,812,819,1,127,200,819
2015/08/27,879,879,852,856,1,170,200,856
2015/08/28,878,885,859,861,768,000,861
2015/08/31,861,886,842,882,886,500,882
2015/09/01,867,868,829,829,619,500,829
2015/09/02,828,838,807,811,580,300,811
2015/09/03,820,829,792,793,824,600,793
2015/09/04,798,799,776,788,697,400,788
2015/09/07,781,796,777,792,503,100,792
2015/09/08,796,808,788,789,335,200,789
2015/09/09,808,808,795,807,346,400,807
2015/09/10,796,801,785,798,341,900,798
2015/09/11,800,817,796,809,459,300,809
2015/09/14,819,821,805,808,335,800,808
2015/09/15,815,840,810,834,578,200,834
2015/09/16,838,841,824,834,328,000,834
2015/09/17,834,855,833,844,418,500,844
2015/09/18,844,850,825,827,388,000,827
2015/09/24,815,844,815,831,412,800,831
2015/09/25,846,847,826,838,317,200,838
2015/09/28,823,834,813,824,328,600,824
2015/09/29,810,815,787,792,422,000,792
2015/09/30,800,822,800,820,347,800,820
2015/10/01,820,839,808,835,530,700,835
2015/10/02,825,847,822,841,430,900,841
2015/10/05,845,853,831,845,291,100,845
2015/10/06,853,860,840,852,348,400,852
2015/10/07,858,882,845,878,528,600,878
2015/10/08,878,878,836,839,498,400,839
