2011/06/07,30,100,30,550,30,100,30,400,122,304
2011/06/08,30,500,30,950,30,250,30,600,53,306
2011/06/09,31,300,31,300,30,500,30,900,101,309
2011/06/14,32,000,35,800,32,000,35,200,1,648,352
2011/06/15,35,000,35,500,33,350,33,400,455,334
2011/06/16,33,200,34,000,31,000,31,300,609,313
2011/06/20,31,700,32,200,31,000,31,400,168,314
2011/06/21,32,000,32,500,31,700,32,300,154,323
2011/06/24,31,300,32,000,30,900,31,500,167,315
2011/06/27,32,400,32,500,31,000,31,200,389,312
2015/08/24,2,099,2,099,1,910,1,935,50,600,1,935
2015/08/25,1,775,1,968,1,700,1,933,46,000,1,933
2015/08/26,1,902,2,053,1,901,2,032,39,700,2,032
2015/08/27,2,105,2,230,2,105,2,149,62,900,2,149
2015/08/28,2,198,2,198,2,125,2,155,42,300,2,155
2015/08/31,2,160,2,175,2,125,2,158,33,400,2,158
2015/09/01,2,160,2,209,2,125,2,136,31,300,2,136
2015/09/02,2,086,2,142,2,061,2,132,24,200,2,132
2015/09/03,2,196,2,258,2,180,2,255,64,200,2,255
2015/09/04,2,255,2,284,2,172,2,239,39,100,2,239
2015/09/07,2,189,2,189,2,110,2,131,28,800,2,131
2015/09/08,2,132,2,159,2,077,2,077,21,200,2,077
2015/09/09,2,127,2,163,2,127,2,145,24,600,2,145
2015/09/10,2,108,2,130,2,104,2,125,14,000,2,125
2015/09/11,2,131,2,164,2,130,2,163,4,100,2,163
2015/09/14,2,165,2,175,2,144,2,155,19,100,2,155
2015/09/15,2,188,2,198,2,159,2,198,20,200,2,198
2015/09/16,2,201,2,219,2,201,2,205,14,000,2,205
2015/09/17,2,215,2,222,2,127,2,131,18,800,2,131
2015/09/18,2,131,2,143,2,129,2,129,6,900,2,129
2015/09/24,2,110,2,115,2,075,2,100,14,200,2,100
2015/09/25,2,116,2,116,2,071,2,100,8,700,2,100
2015/09/28,710,711,693,693,20,900,693
2015/09/29,720,720,634,652,41,200,652
2015/09/30,657,657,626,642,67,400,642
2015/10/01,650,654,622,628,61,100,628
2015/10/02,630,640,625,635,22,100,635
2015/10/05,641,659,641,655,26,700,655
2015/10/06,675,675,661,664,24,400,664
2015/10/07,674,674,661,668,9,800,668
