2011/06/03,1,974,1,994,1,974,1,992,8,900,996
2011/06/06,1,992,2,026,1,992,2,022,16,400,1,011
2011/06/09,2,006,2,018,2,001,2,016,11,800,1,008
2011/06/10,2,012,2,024,2,004,2,004,12,500,1,002
2011/06/15,2,015,2,016,1,974,1,974,85,400,987
2011/06/17,1,963,2,012,1,955,2,012,24,800,1,006
2011/06/22,1,997,2,009,1,995,1,998,10,500,999
2011/06/27,1,995,1,995,1,980,1,986,13,200,993
2011/06/30,1,905,1,942,1,905,1,932,13,800,966
2015/08/24,13,200,13,800,12,600,12,600,48,100,6,300
2015/08/25,12,020,13,740,11,680,12,710,71,700,6,355
2015/08/26,13,000,13,880,13,000,13,780,39,400,6,890
2015/08/27,7,280,7,290,6,600,6,740,62,900,6,740
2015/08/28,6,910,6,930,6,540,6,650,61,400,6,650
2015/08/31,6,600,6,600,6,360,6,540,50,300,6,540
2015/09/01,6,530,6,530,6,110,6,150,52,700,6,150
2015/09/02,5,980,6,790,5,910,6,590,116,100,6,590
2015/09/03,6,650,6,760,6,230,6,340,53,200,6,340
2015/09/04,6,260,6,400,6,130,6,170,46,900,6,170
2015/09/07,6,080,6,380,5,880,6,250,51,800,6,250
2015/09/08,6,250,6,280,5,800,5,800,43,100,5,800
2015/09/09,6,090,6,090,5,860,6,020,28,000,6,020
2015/09/10,5,850,6,040,5,780,5,860,24,800,5,860
2015/09/11,5,780,6,050,5,740,5,990,33,800,5,990
2015/09/14,5,930,6,080,5,840,5,840,19,200,5,840
2015/09/15,5,840,5,940,5,780,5,790,19,100,5,790
2015/09/16,5,840,5,840,5,520,5,560,42,400,5,560
2015/09/17,5,660,5,860,5,570,5,830,26,700,5,830
2015/09/18,5,760,5,800,5,630,5,680,26,000,5,680
2015/09/24,5,600,5,780,5,530,5,560,22,300,5,560
2015/09/25,5,530,5,700,5,510,5,660,22,700,5,660
2015/09/28,5,570,5,850,5,570,5,840,28,100,5,840
2015/09/29,5,730,5,780,5,560,5,630,31,200,5,630
2015/09/30,5,740,5,850,5,730,5,780,18,300,5,780
2015/10/01,5,780,5,940,5,770,5,830,33,300,5,830
2015/10/02,5,730,5,800,5,610,5,610,43,800,5,610
2015/10/05,5,710,5,710,5,510,5,540,41,500,5,540
2015/10/06,5,640,5,640,5,470,5,490,47,400,5,490
2015/10/07,5,450,5,460,5,160,5,220,70,100,5,220
