2011/06/01,765,765,758,758,1,500,3,790
2011/06/02,773,773,773,773,500,3,865
2011/06/03,773,773,752,767,3,000,3,835
2011/06/07,754,754,754,754,500,3,770
2011/06/08,762,763,762,763,2,500,3,815
2011/06/09,767,767,767,767,1,000,3,835
2011/06/10,767,767,767,767,500,3,835
2011/06/13,768,770,763,763,4,500,3,815
2011/06/14,760,760,757,757,1,500,3,785
2011/06/15,761,761,758,758,2,000,3,790
2011/06/16,756,756,756,756,500,3,780
2011/06/20,756,756,756,756,500,3,780
2011/06/21,754,754,754,754,500,3,770
2011/06/22,755,758,754,754,4,000,3,770
2011/06/23,760,760,758,758,2,000,3,790
2011/06/24,758,759,757,759,8,000,3,795
2011/06/27,754,761,754,761,5,500,3,805
2011/06/28,753,765,753,765,2,500,3,825
2011/06/29,763,766,763,766,1,500,3,830
2011/06/30,763,769,763,769,2,500,3,845
2015/08/24,4,980,4,980,4,800,4,805,4,900,4,805
2015/08/25,4,800,4,990,4,700,4,900,4,300,4,900
2015/08/26,4,850,4,920,4,850,4,875,3,600,4,875
2015/08/27,4,900,4,985,4,895,4,970,1,800,4,970
2015/08/28,4,990,4,995,4,960,4,960,1,100,4,960
2015/08/31,4,960,4,970,4,950,4,970,900,4,970
2015/09/01,4,990,4,990,4,935,4,980,2,100,4,980
2015/09/02,4,940,4,990,4,900,4,900,1,700,4,900
2015/09/03,4,975,4,975,4,880,4,935,2,000,4,935
2015/09/04,4,945,4,945,4,875,4,875,700,4,875
2015/09/07,4,850,4,920,4,850,4,895,1,100,4,895
2015/09/08,4,860,4,880,4,790,4,795,1,500,4,795
2015/09/09,4,795,4,830,4,790,4,805,1,100,4,805
2015/09/10,4,800,4,800,4,740,4,740,2,800,4,740
2015/09/11,4,800,4,805,4,740,4,800,1,300,4,800
2015/09/14,4,805,4,850,4,805,4,815,1,200,4,815
2015/09/15,4,895,4,900,4,880,4,900,700,4,900
2015/09/16,4,925,4,940,4,865,4,865,1,200,4,865
2015/09/17,4,950,4,950,4,920,4,920,1,300,4,920
2015/09/18,4,920,4,990,4,920,4,970,4,000,4,970
2015/09/24,4,970,4,995,4,970,4,970,2,700,4,970
2015/09/25,4,970,5,020,4,970,5,000,2,900,5,000
2015/09/28,4,865,4,865,4,810,4,810,2,500,4,810
2015/09/29,4,800,4,900,4,775,4,900,2,100,4,900
2015/09/30,4,830,4,865,4,800,4,865,1,700,4,865
2015/10/01,4,805,4,825,4,805,4,825,1,400,4,825
2015/10/02,4,825,4,865,4,810,4,810,400,4,810
2015/10/05,4,895,4,945,4,825,4,945,1,000,4,945
2015/10/06,4,940,4,940,4,900,4,910,1,000,4,910
2015/10/07,4,915,4,930,4,900,4,930,700,4,930
2015/10/08,4,900,4,950,4,900,4,950,400,4,950
