2011/06/01,1,365,1,365,1,360,1,360,200,1,360
2011/06/02,1,360,1,360,1,360,1,360,200,1,360
2011/06/03,1,351,1,351,1,351,1,351,200,1,351
2011/06/06,1,322,1,328,1,322,1,328,2,800,1,328
2011/06/08,1,325,1,350,1,325,1,350,900,1,350
2011/06/09,1,350,1,352,1,350,1,352,200,1,352
2011/06/10,1,353,1,353,1,350,1,350,300,1,350
2011/06/13,1,374,1,374,1,374,1,374,100,1,374
2011/06/14,1,374,1,374,1,374,1,374,100,1,374
2011/06/15,1,370,1,370,1,350,1,350,1,600,1,350
2011/06/16,1,379,1,379,1,379,1,379,100,1,379
2011/06/17,1,380,1,380,1,380,1,380,400,1,380
2011/06/20,1,400,1,432,1,400,1,421,5,700,1,421
2011/06/21,1,391,1,420,1,391,1,420,400,1,420
2011/06/23,1,418,1,418,1,418,1,418,200,1,418
2011/06/24,1,417,1,417,1,414,1,414,200,1,414
2011/06/27,1,414,1,444,1,414,1,430,1,600,1,430
2011/06/28,1,422,1,422,1,376,1,376,1,600,1,376
2011/06/29,1,420,1,420,1,390,1,419,700,1,419
2011/06/30,1,418,1,432,1,418,1,432,2,000,1,432
2015/08/20,1,940,1,940,1,909,1,910,2,000,1,910
2015/08/21,1,908,1,908,1,900,1,902,1,200,1,902
2015/08/24,1,895,1,910,1,870,1,910,1,500,1,910
2015/08/25,1,897,1,897,1,880,1,896,800,1,896
2015/08/26,1,896,1,969,1,896,1,950,1,600,1,950
2015/08/27,1,965,1,965,1,940,1,940,700,1,940
2015/08/28,1,950,1,950,1,920,1,921,800,1,921
2015/08/31,1,915,1,921,1,915,1,921,200,1,921
2015/09/01,1,950,1,950,1,920,1,920,200,1,920
2015/09/02,1,911,1,911,1,910,1,910,200,1,910
2015/09/03,1,910,1,913,1,910,1,913,200,1,913
2015/09/04,1,910,1,910,1,900,1,900,2,000,1,900
2015/09/07,1,880,1,900,1,880,1,900,200,1,900
2015/09/09,1,900,1,900,1,900,1,900,300,1,900
2015/09/10,1,900,1,900,1,900,1,900,600,1,900
2015/09/11,1,900,1,900,1,900,1,900,600,1,900
2015/09/14,1,910,1,910,1,910,1,910,100,1,910
2015/09/15,1,930,1,930,1,930,1,930,100,1,930
2015/09/17,1,921,1,921,1,921,1,921,100,1,921
2015/09/18,1,935,1,935,1,900,1,900,800,1,900
2015/09/24,1,920,1,930,1,920,1,930,200,1,930
2015/09/25,1,930,1,935,1,820,1,900,2,200,1,900
2015/09/28,1,900,1,900,1,880,1,880,1,200,1,880
2015/09/29,1,880,1,880,1,880,1,880,200,1,880
2015/09/30,1,898,1,898,1,898,1,898,100,1,898
2015/10/01,1,880,1,897,1,862,1,897,600,1,897
2015/10/02,1,899,1,899,1,899,1,899,100,1,899
2015/10/05,1,899,1,899,1,893,1,899,900,1,899
2015/10/06,1,899,1,899,1,890,1,890,200,1,890
2015/10/09,1,920,1,920,1,892,1,892,200,1,892
