2011/06/03,355,358,354,355,2,144,000,355
2011/06/06,354,354,350,352,1,751,000,352
2011/06/07,352,354,350,352,1,662,000,352
2011/06/08,353,355,352,354,762,000,354
2011/06/09,352,354,348,352,2,401,000,352
2011/06/10,352,357,350,350,3,748,000,350
2011/06/13,344,353,342,352,1,039,000,352
2011/06/14,355,358,351,353,825,000,353
2011/06/15,349,350,346,347,1,217,000,347
2011/06/16,344,344,339,339,911,000,339
2011/06/17,340,340,332,332,1,749,000,332
2011/06/20,333,339,333,337,850,000,337
2011/06/21,338,341,338,340,641,000,340
2011/06/22,340,346,337,345,1,098,000,345
2011/06/23,341,347,340,345,905,000,345
2011/06/24,347,349,345,347,616,000,347
2011/06/27,346,346,342,342,505,000,342
2011/06/28,346,348,341,342,731,000,342
2011/06/29,344,345,340,343,1,065,000,343
2011/06/30,343,345,342,343,959,000,343
2015/08/24,738,773,732,734,2,394,000,734
2015/08/25,720,742,697,700,2,274,000,700
2015/08/26,695,709,691,705,1,899,000,705
2015/08/27,719,738,716,723,1,285,000,723
2015/08/28,743,745,725,736,1,219,000,736
2015/08/31,728,743,727,742,778,000,742
2015/09/01,745,746,706,707,1,261,000,707
2015/09/02,692,723,689,704,1,448,000,704
2015/09/03,714,723,707,708,974,000,708
2015/09/04,715,715,685,688,915,000,688
2015/09/07,684,691,672,682,1,055,000,682
2015/09/08,689,695,659,663,1,384,000,663
2015/09/09,685,703,672,701,1,979,000,701
2015/09/10,674,678,656,669,1,838,000,669
2015/09/11,667,683,666,676,2,794,000,676
2015/09/14,682,690,664,668,1,307,000,668
2015/09/15,680,705,676,696,2,182,000,696
2015/09/16,710,715,688,702,3,007,000,702
2015/09/17,706,717,702,711,2,070,000,711
2015/09/18,706,714,684,705,3,590,000,705
2015/09/24,688,708,687,689,1,644,000,689
2015/09/25,694,731,690,728,2,272,000,728
2015/09/28,736,742,719,727,1,557,000,727
2015/09/29,712,737,710,724,2,064,000,724
2015/09/30,743,749,733,746,1,407,000,746
2015/10/01,749,759,734,749,1,471,000,749
2015/10/02,743,766,740,750,1,437,000,750
2015/10/05,771,787,771,786,1,883,000,786
2015/10/06,800,808,789,792,1,990,000,792
2015/10/07,791,796,771,793,1,678,000,793
