2011/05/20,1,729,1,730,1,729,1,730,300,1,730
2011/05/23,1,720,1,748,1,700,1,700,400,1,700
2011/05/24,1,700,1,700,1,663,1,680,900,1,680
2011/05/26,1,700,1,700,1,700,1,700,100,1,700
2011/05/27,1,710,1,747,1,710,1,747,800,1,747
2011/05/30,1,746,1,746,1,710,1,710,300,1,710
2011/05/31,1,700,1,710,1,700,1,710,200,1,710
2011/06/01,1,710,1,710,1,710,1,710,100,1,710
2011/06/08,1,710,1,710,1,690,1,710,600,1,710
2011/06/09,1,700,1,700,1,700,1,700,100,1,700
2011/06/13,1,693,1,740,1,693,1,740,700,1,740
2011/06/15,1,740,1,740,1,740,1,740,1,500,1,740
2011/06/16,1,710,1,710,1,710,1,710,100,1,710
2011/06/21,1,710,1,710,1,710,1,710,100,1,710
2011/06/23,1,740,1,740,1,740,1,740,100,1,740
2011/06/24,1,740,1,740,1,740,1,740,100,1,740
2011/06/27,1,740,1,750,1,740,1,750,800,1,750
2011/06/28,1,750,1,750,1,710,1,750,800,1,750
2011/06/29,1,750,1,750,1,750,1,750,100,1,750
2011/06/30,1,740,1,740,1,715,1,715,300,1,715
2015/08/20,3,660,3,730,3,600,3,675,3,000,3,675
2015/08/21,3,600,3,640,3,575,3,575,1,900,3,575
2015/08/24,3,450,3,450,3,300,3,360,3,900,3,360
2015/08/25,2,740,3,240,2,711,2,951,14,900,2,951
2015/08/26,2,990,3,150,2,990,3,110,3,700,3,110
2015/08/27,3,240,3,580,3,240,3,495,3,800,3,495
2015/08/28,3,540,3,550,3,280,3,390,4,000,3,390
2015/08/31,3,450,3,480,3,400,3,400,1,600,3,400
2015/09/01,3,430,3,515,3,425,3,485,1,300,3,485
2015/09/02,3,430,3,485,3,335,3,485,1,900,3,485
2015/09/03,3,530,3,530,3,450,3,500,800,3,500
2015/09/07,3,500,3,500,3,450,3,460,600,3,460
2015/09/09,3,460,3,460,3,405,3,405,1,000,3,405
2015/09/10,3,400,3,400,3,400,3,400,300,3,400
2015/09/11,3,390,3,465,3,390,3,465,900,3,465
2015/09/14,3,265,3,305,3,255,3,255,6,600,3,255
2015/09/15,3,255,3,360,3,120,3,190,6,800,3,190
2015/09/16,3,120,3,190,3,065,3,110,4,200,3,110
2015/09/17,3,070,3,125,3,050,3,125,2,100,3,125
2015/09/18,3,125,3,235,3,125,3,235,1,800,3,235
2015/09/24,3,375,3,380,3,260,3,380,3,100,3,380
2015/09/25,3,385,3,545,3,385,3,545,3,500,3,545
2015/09/28,3,595,3,610,3,555,3,575,2,500,3,575
2015/09/29,3,575,3,575,3,450,3,490,2,100,3,490
2015/09/30,3,540,3,585,3,505,3,505,3,300,3,505
2015/10/01,3,505,3,540,3,495,3,495,1,300,3,495
2015/10/02,3,455,3,475,3,230,3,300,6,200,3,300
2015/10/05,3,300,3,345,3,300,3,300,2,500,3,300
2015/10/06,3,320,3,325,3,265,3,290,2,000,3,290
2015/10/07,3,255,3,260,3,240,3,240,2,700,3,240
2015/10/08,3,245,3,260,3,215,3,245,1,900,3,245
