2015/08/24,1,490,1,502,1,400,1,402,2,621,900,1,402
2015/08/25,1,312,1,490,1,250,1,388,2,575,500,1,388
2015/08/26,1,437,1,477,1,415,1,474,972,100,1,474
2015/08/27,1,559,1,579,1,536,1,543,1,036,900,1,543
2015/08/28,1,580,1,599,1,580,1,599,961,500,1,599
2015/08/31,1,585,1,623,1,576,1,598,632,900,1,598
2015/09/01,1,581,1,581,1,516,1,518,700,000,1,518
2015/09/02,1,461,1,541,1,450,1,517,1,017,100,1,517
2015/09/03,1,560,1,578,1,546,1,566,608,400,1,566
2015/09/04,1,555,1,557,1,504,1,535,747,100,1,535
2015/09/07,1,495,1,518,1,473,1,500,711,300,1,500
2015/09/08,1,500,1,521,1,476,1,477,453,300,1,477
2015/09/09,1,532,1,545,1,502,1,545,582,300,1,545
2015/09/10,1,513,1,572,1,508,1,563,486,700,1,563
2015/09/11,1,548,1,590,1,543,1,582,457,300,1,582
2015/09/14,1,593,1,647,1,593,1,614,600,900,1,614
2015/09/15,1,622,1,667,1,617,1,654,661,200,1,654
2015/09/16,1,700,1,745,1,680,1,706,1,650,100,1,706
2015/09/17,1,710,1,740,1,680,1,740,977,500,1,740
2015/09/18,1,710,1,718,1,688,1,701,1,048,000,1,701
2015/09/24,1,680,1,735,1,671,1,693,653,200,1,693
2015/09/25,1,710,1,759,1,709,1,755,1,253,900,1,755
