2011/05/27,960,970,960,969,600,969
2011/05/30,967,970,950,950,500,950
2011/05/31,950,950,950,950,200,950
2011/06/01,950,950,950,950,100,950
2011/06/02,950,950,935,936,400,936
2011/06/03,965,965,960,960,200,960
2011/06/07,950,950,950,950,100,950
2011/06/09,955,955,955,955,100,955
2011/06/10,950,950,950,950,200,950
2011/06/13,950,950,950,950,100,950
2011/06/14,949,949,945,945,200,945
2011/06/17,945,945,945,945,100,945
2011/06/21,949,950,949,950,200,950
2011/06/22,999,999,962,962,800,962
2011/06/23,963,963,950,951,500,951
2011/06/24,955,955,955,955,200,955
2011/06/27,955,990,955,990,1,000,990
2011/06/28,990,1,018,973,1,011,1,400,1,011
2011/06/29,1,004,1,004,1,004,1,004,200,1,004
2011/06/30,1,002,1,002,995,995,600,995
2015/08/21,1,850,1,873,1,832,1,873,2,200,1,873
2015/08/24,1,836,1,900,1,820,1,865,4,300,1,865
2015/08/25,1,841,1,865,1,836,1,851,4,800,1,851
2015/08/26,1,850,1,880,1,846,1,852,3,800,1,852
2015/08/27,1,873,1,888,1,862,1,862,1,500,1,862
2015/08/28,1,889,1,889,1,870,1,883,1,100,1,883
2015/08/31,1,876,1,890,1,872,1,872,1,800,1,872
2015/09/01,1,900,1,900,1,890,1,890,1,100,1,890
2015/09/02,1,877,1,953,1,877,1,949,3,100,1,949
2015/09/03,1,954,1,989,1,953,1,989,900,1,989
2015/09/04,1,990,2,019,1,941,1,943,3,300,1,943
2015/09/07,1,903,1,932,1,901,1,914,1,100,1,914
2015/09/08,1,910,1,914,1,902,1,903,1,400,1,903
2015/09/09,1,925,1,927,1,905,1,905,1,300,1,905
2015/09/10,1,945,1,945,1,923,1,927,500,1,927
2015/09/11,1,960,1,960,1,952,1,952,500,1,952
2015/09/14,1,962,1,994,1,954,1,954,1,200,1,954
2015/09/15,1,980,1,990,1,969,1,988,1,700,1,988
2015/09/16,1,982,1,995,1,982,1,995,300,1,995
2015/09/18,1,984,1,997,1,984,1,997,400,1,997
2015/09/24,2,030,2,039,2,020,2,028,1,800,2,028
2015/09/25,2,026,2,026,1,986,1,995,1,000,1,995
