2011/06/03,1,020,1,020,1,020,1,020,700,1,020
2011/06/06,1,021,1,021,1,014,1,014,600,1,014
2011/06/07,1,015,1,030,1,013,1,030,2,400,1,030
2011/06/08,1,015,1,015,1,015,1,015,100,1,015
2011/06/09,1,014,1,014,1,010,1,010,1,300,1,010
2011/06/10,1,030,1,030,1,015,1,020,2,300,1,020
2011/06/13,1,010,1,017,1,010,1,011,700,1,011
2011/06/14,1,025,1,025,1,012,1,013,400,1,013
2011/06/15,1,012,1,018,1,012,1,013,800,1,013
2011/06/16,1,018,1,018,1,013,1,013,800,1,013
2011/06/17,1,013,1,013,1,011,1,012,500,1,012
2011/06/20,1,013,1,013,1,007,1,010,300,1,010
2011/06/21,1,008,1,008,1,008,1,008,100,1,008
2011/06/22,1,009,1,012,1,009,1,011,500,1,011
2011/06/23,1,029,1,030,1,029,1,029,700,1,029
2011/06/24,1,033,1,037,1,033,1,037,1,500,1,037
2011/06/27,1,040,1,040,1,015,1,016,1,200,1,016
2011/06/28,1,034,1,040,1,034,1,034,600,1,034
2011/06/29,1,040,1,048,1,037,1,048,1,200,1,048
2011/06/30,1,050,1,050,1,018,1,028,1,800,1,028
2015/08/24,1,746,1,775,1,700,1,702,8,500,1,702
2015/08/25,1,660,1,696,1,618,1,619,5,700,1,619
2015/08/26,1,623,1,684,1,619,1,642,5,400,1,642
2015/08/27,1,645,1,669,1,620,1,625,6,000,1,625
2015/08/28,1,665,1,683,1,656,1,676,1,600,1,676
2015/08/31,1,693,1,759,1,693,1,720,2,300,1,720
2015/09/01,1,720,1,720,1,682,1,682,2,000,1,682
2015/09/02,1,680,1,715,1,680,1,681,1,600,1,681
2015/09/03,1,698,1,706,1,676,1,677,1,500,1,677
2015/09/04,1,694,1,700,1,668,1,670,2,200,1,670
2015/09/07,1,669,1,700,1,650,1,686,2,400,1,686
2015/09/08,1,669,1,669,1,632,1,632,2,600,1,632
2015/09/09,1,640,1,665,1,640,1,657,3,700,1,657
2015/09/10,1,651,1,654,1,644,1,649,3,200,1,649
2015/09/11,1,689,1,689,1,655,1,668,3,700,1,668
2015/09/14,1,654,1,661,1,617,1,617,6,600,1,617
2015/09/15,1,617,1,617,1,607,1,607,6,300,1,607
2015/09/16,1,614,1,617,1,607,1,612,3,500,1,612
2015/09/17,1,612,1,625,1,612,1,618,1,600,1,618
2015/09/18,1,618,1,624,1,614,1,614,2,600,1,614
2015/09/24,1,616,1,632,1,609,1,612,4,600,1,612
2015/09/25,1,612,1,652,1,612,1,648,5,200,1,648
2015/09/28,1,648,1,678,1,648,1,670,3,400,1,670
2015/09/29,1,661,1,680,1,650,1,680,4,900,1,680
2015/09/30,1,645,1,669,1,628,1,634,5,900,1,634
2015/10/01,1,640,1,649,1,624,1,624,2,800,1,624
2015/10/02,1,631,1,638,1,623,1,635,2,400,1,635
2015/10/05,1,642,1,688,1,634,1,642,3,200,1,642
2015/10/06,1,665,1,665,1,644,1,648,4,000,1,648
2015/10/07,1,650,1,673,1,650,1,668,600,1,668
2015/10/08,1,675,1,675,1,668,1,671,900,1,671
