2011/05/30,410,415,410,415,300,415
2011/06/01,416,416,416,416,100,416
2011/06/02,417,429,417,429,300,429
2011/06/03,426,426,426,426,2,500,426
2011/06/06,418,419,418,419,200,419
2011/06/08,424,429,417,429,3,700,429
2011/06/09,421,421,418,420,900,420
2011/06/10,420,420,420,420,1,000,420
2011/06/13,415,420,415,420,1,600,420
2011/06/14,425,425,425,425,1,000,425
2011/06/15,425,459,425,440,13,400,440
2011/06/16,440,440,431,431,9,600,431
2011/06/20,439,439,439,439,100,439
2011/06/21,441,441,434,434,5,400,434
2011/06/22,436,436,433,436,2,200,436
2011/06/23,437,437,437,437,100,437
2011/06/24,437,438,432,432,5,300,432
2011/06/27,433,433,432,432,500,432
2011/06/28,425,425,425,425,2,100,425
2011/06/29,425,425,425,425,500,425
2015/08/12,579,583,579,579,700,579
2015/08/14,579,579,579,579,300,579
2015/08/17,579,579,579,579,6,900,579
2015/08/18,585,586,585,586,400,586
2015/08/20,579,579,579,579,200,579
2015/08/21,589,591,588,591,2,800,591
2015/08/24,570,570,570,570,900,570
2015/08/25,570,571,570,571,3,200,571
2015/08/26,570,570,565,565,1,600,565
2015/08/27,555,560,535,536,2,100,536
2015/09/02,550,550,550,550,100,550
2015/09/03,550,550,550,550,200,550
2015/09/04,551,552,540,540,4,900,540
2015/09/07,540,540,540,540,3,600,540
2015/09/09,540,545,540,545,500,545
2015/09/10,560,560,560,560,200,560
2015/09/14,560,560,560,560,200,560
2015/09/15,560,560,560,560,6,600,560
2015/09/16,560,560,560,560,200,560
2015/09/17,560,560,560,560,300,560
2015/09/24,565,565,565,565,200,565
2015/09/25,565,565,565,565,1,700,565
