2011/06/02,414,414,400,400,4,900,200
2011/06/06,400,400,400,400,100,200
2011/06/07,403,403,392,392,700,196
2011/06/15,422,435,414,430,3,300,215
2011/06/20,457,457,445,454,2,900,227
2011/06/22,430,440,430,432,5,600,216
2011/06/24,440,442,437,440,3,900,220
2011/06/28,440,440,438,440,1,700,220
2011/06/29,440,445,440,442,2,700,221
2011/06/30,445,450,445,450,4,000,225
2015/08/24,950,981,805,805,72,200,805
2015/08/25,815,924,765,850,59,500,850
2015/08/26,910,920,877,910,29,500,910
2015/08/27,907,966,905,940,24,900,940
2015/08/28,941,988,941,973,18,700,973
2015/08/31,958,975,945,950,19,400,950
2015/09/01,950,950,901,910,17,500,910
2015/09/02,880,925,880,909,18,500,909
2015/09/03,910,948,910,925,10,500,925
2015/09/04,925,955,896,897,11,700,897
2015/09/07,880,905,877,886,14,400,886
2015/09/08,881,914,873,873,9,200,873
2015/09/09,908,927,888,927,16,000,927
2015/09/10,897,932,889,932,10,000,932
2015/09/11,933,967,923,961,13,100,961
2015/09/14,975,984,940,961,25,300,961
2015/09/15,976,983,952,982,18,600,982
2015/09/16,982,1,010,964,1,007,20,700,1,007
2015/09/17,993,1,003,980,1,002,24,900,1,002
2015/09/18,1,000,1,007,951,1,007,15,000,1,007
2015/09/24,981,1,001,978,997,3,100,997
2015/09/25,998,998,950,998,6,700,998
2015/09/28,995,1,005,970,1,000,6,400,1,000
2015/09/29,999,999,960,974,13,100,974
2015/09/30,974,991,974,991,4,800,991
2015/10/01,994,1,001,972,1,001,4,300,1,001
2015/10/02,1,010,1,010,995,1,005,1,400,1,005
2015/10/05,1,010,1,041,995,1,032,9,000,1,032
2015/10/06,1,040,1,043,1,008,1,035,7,100,1,035
2015/10/07,1,022,1,030,1,015,1,030,3,300,1,030
