2011/04/28,911,914,910,914,700,914
2011/05/02,914,914,900,900,1,700,900
2011/05/06,905,905,905,905,100,905
2011/05/09,895,895,895,895,300,895
2011/05/16,915,915,915,915,100,915
2011/05/18,925,925,925,925,100,925
2011/05/25,955,955,955,955,400,955
2011/05/30,925,940,925,940,200,940
2011/05/31,975,975,975,975,100,975
2011/06/01,988,988,988,988,800,988
2011/06/07,960,960,960,960,100,960
2011/06/13,950,950,950,950,100,950
2011/06/14,950,950,950,950,100,950
2011/06/16,905,905,905,905,300,905
2011/06/20,913,928,913,928,300,928
2011/06/23,915,920,915,920,200,920
2011/06/27,980,980,980,980,100,980
2011/06/28,950,950,950,950,500,950
2011/06/29,965,971,965,971,200,971
2011/06/30,971,971,958,958,1,000,958
2015/08/20,1,549,1,565,1,549,1,565,3,700,1,565
2015/08/21,1,558,1,580,1,545,1,575,8,500,1,575
2015/08/24,1,550,1,550,1,410,1,414,6,600,1,414
2015/08/25,1,300,1,432,1,292,1,380,4,100,1,380
2015/08/26,1,370,1,427,1,370,1,412,16,800,1,412
2015/08/27,1,342,1,372,1,342,1,343,9,000,1,343
2015/08/28,1,353,1,367,1,345,1,345,1,100,1,345
2015/08/31,1,346,1,350,1,310,1,310,1,900,1,310
2015/09/01,1,316,1,316,1,313,1,313,900,1,313
2015/09/02,1,305,1,305,1,301,1,301,300,1,301
2015/09/03,1,306,1,329,1,304,1,304,600,1,304
2015/09/04,1,320,1,320,1,300,1,313,1,700,1,313
2015/09/07,1,320,1,320,1,290,1,290,1,000,1,290
2015/09/08,1,380,1,380,1,312,1,312,1,200,1,312
2015/09/10,1,312,1,312,1,302,1,310,300,1,310
2015/09/11,1,306,1,307,1,306,1,306,500,1,306
2015/09/14,1,336,1,336,1,319,1,331,900,1,331
2015/09/15,1,325,1,325,1,325,1,325,100,1,325
2015/09/16,1,330,1,330,1,303,1,305,600,1,305
2015/09/18,1,303,1,303,1,303,1,303,200,1,303
2015/09/24,1,297,1,300,1,297,1,300,500,1,300
2015/09/25,1,329,1,329,1,299,1,324,700,1,324
2015/09/28,1,324,1,324,1,300,1,300,300,1,300
2015/09/29,1,295,1,295,1,278,1,278,400,1,278
2015/09/30,1,301,1,301,1,301,1,301,100,1,301
2015/10/01,1,304,1,304,1,304,1,304,100,1,304
2015/10/07,1,310,1,310,1,299,1,300,300,1,300
