2011/06/06,40,700,40,900,40,250,40,600,2,499,406
2011/06/10,40,900,41,000,40,750,40,900,2,033,409
2011/06/13,40,900,41,000,40,650,40,900,1,618,409
2011/06/16,40,150,40,300,39,950,40,100,2,483,401
2011/06/21,40,350,40,400,40,150,40,400,1,578,404
2011/06/22,40,400,40,800,40,400,40,800,1,793,408
2011/06/27,41,100,41,250,41,000,41,200,2,815,412
2011/06/30,42,900,43,150,42,600,43,100,3,974,431
2015/08/24,1,177,1,192,1,080,1,110,1,957,000,1,110
2015/08/25,1,046,1,139,1,029,1,079,2,969,300,1,079
2015/08/26,1,151,1,179,1,119,1,148,2,723,000,1,148
2015/08/27,1,200,1,222,1,171,1,179,2,432,400,1,179
2015/08/28,1,185,1,208,1,182,1,195,1,180,900,1,195
2015/08/31,1,194,1,195,1,166,1,172,980,200,1,172
2015/09/01,1,167,1,169,1,111,1,112,1,279,600,1,112
2015/09/02,1,094,1,192,1,075,1,130,2,016,900,1,130
2015/09/03,1,131,1,141,1,077,1,078,1,535,900,1,078
2015/09/04,1,088,1,099,1,050,1,063,1,573,100,1,063
2015/09/07,1,046,1,062,1,021,1,059,1,365,600,1,059
2015/09/08,1,055,1,075,1,004,1,010,1,469,300,1,010
2015/09/09,1,045,1,078,1,028,1,076,1,593,700,1,076
2015/09/10,1,045,1,053,1,019,1,042,984,400,1,042
2015/09/11,1,027,1,076,1,026,1,066,1,304,700,1,066
2015/09/14,1,070,1,076,1,031,1,035,805,600,1,035
2015/09/15,1,035,1,059,1,020,1,056,995,900,1,056
2015/09/16,1,059,1,059,1,025,1,038,637,700,1,038
2015/09/17,1,035,1,051,1,026,1,040,1,153,900,1,040
2015/09/18,1,040,1,056,1,031,1,036,1,550,200,1,036
2015/09/24,1,025,1,050,1,020,1,032,736,200,1,032
2015/09/25,1,040,1,050,1,017,1,039,990,300,1,039
2015/09/28,1,054,1,071,1,041,1,065,741,800,1,065
2015/09/29,1,043,1,055,1,003,1,004,1,290,000,1,004
2015/09/30,1,027,1,046,1,022,1,039,886,000,1,039
2015/10/01,1,054,1,132,1,054,1,114,1,687,200,1,114
2015/10/02,1,125,1,144,1,068,1,076,1,392,900,1,076
2015/10/05,1,076,1,085,1,061,1,078,1,256,300,1,078
2015/10/06,1,078,1,124,1,062,1,115,1,643,800,1,115
2015/10/07,1,121,1,133,1,079,1,113,1,553,700,1,113
2015/10/08,1,115,1,116,1,057,1,060,1,148,800,1,060
