2011/06/07,1,350,1,350,1,312,1,336,56,300,334
2011/06/14,1,400,1,400,1,361,1,376,85,100,344
2011/06/21,1,347,1,354,1,321,1,340,38,200,335
2011/06/22,1,370,1,500,1,370,1,500,177,000,375
2011/06/23,1,471,1,499,1,444,1,444,144,100,361
2011/06/24,1,465,1,469,1,430,1,448,24,700,362
2011/06/27,1,448,1,465,1,441,1,460,26,100,365
2011/06/30,1,460,1,469,1,442,1,448,70,400,362
2015/08/24,5,840,6,020,5,520,5,540,796,700,5,540
2015/08/25,5,340,6,320,5,170,5,760,1,511,000,5,760
2015/08/26,5,960,6,150,5,810,6,050,861,800,6,050
2015/08/27,6,120,6,220,5,960,6,040,657,600,6,040
2015/08/28,6,140,6,180,6,010,6,080,461,400,6,080
2015/08/31,6,020,6,170,5,960,6,140,336,600,6,140
2015/09/01,6,070,6,080,5,720,5,720,449,500,5,720
2015/09/02,5,520,5,970,5,500,5,880,587,300,5,880
2015/09/03,5,950,6,030,5,800,5,810,420,900,5,810
2015/09/04,5,740,5,770,5,290,5,460,831,700,5,460
2015/09/07,5,360,5,380,5,050,5,110,870,500,5,110
2015/09/08,5,100,5,190,4,705,4,730,1,069,700,4,730
2015/09/09,5,110,5,220,4,940,5,130,1,070,300,5,130
2015/09/10,4,950,5,100,4,880,5,070,637,600,5,070
2015/09/11,5,070,5,640,5,070,5,470,880,500,5,470
2015/09/14,5,380,5,630,5,360,5,430,615,400,5,430
2015/09/15,5,470,5,520,5,280,5,320,426,800,5,320
2015/09/16,5,390,5,420,5,140,5,190,487,400,5,190
2015/09/17,5,220,5,480,5,200,5,400,453,000,5,400
2015/09/18,5,360,5,500,5,290,5,400,782,500,5,400
2015/09/24,5,300,5,520,5,270,5,450,360,100,5,450
2015/09/25,5,490,5,540,5,310,5,480,428,300,5,480
