2011/03/24,210,000,210,000,210,000,210,000,1,1,050
2011/04/04,200,000,200,000,200,000,200,000,1,1,000
2011/04/05,195,000,195,000,195,000,195,000,1,975
2011/04/11,191,200,191,200,190,000,190,000,6,950
2011/04/18,193,000,193,000,193,000,193,000,1,965
2011/04/21,200,000,200,000,200,000,200,000,1,1,000
2011/05/10,185,200,185,200,185,000,185,000,2,925
2011/05/11,185,000,185,000,185,000,185,000,2,925
2011/05/13,182,000,182,000,182,000,182,000,1,910
2011/05/18,190,000,190,000,190,000,190,000,1,950
2011/05/26,200,000,200,000,200,000,200,000,1,1,000
2011/06/06,190,000,190,000,190,000,190,000,1,950
2011/06/09,185,000,185,000,185,000,185,000,1,925
2011/06/15,191,000,191,000,191,000,191,000,1,955
2011/06/27,181,000,181,000,181,000,181,000,1,905
2015/08/18,808,811,808,811,200,811
2015/08/19,811,819,811,818,400,818
2015/08/20,848,848,815,819,1,900,819
2015/08/21,810,810,810,810,300,810
2015/08/24,789,789,750,760,2,900,760
2015/08/25,685,720,680,697,4,100,697
2015/08/26,697,720,697,720,600,720
2015/08/27,726,726,720,720,400,720
2015/08/28,705,710,703,703,3,600,703
2015/08/31,700,732,700,732,1,600,732
2015/09/01,717,732,717,732,500,732
2015/09/02,728,730,728,730,500,730
2015/09/03,715,750,715,744,2,500,744
2015/09/04,715,715,662,670,5,700,670
2015/09/07,670,672,670,670,1,200,670
2015/09/08,671,671,670,670,200,670
2015/09/09,680,680,680,680,100,680
2015/09/10,680,680,680,680,1,200,680
2015/09/14,680,680,668,668,1,900,668
2015/09/17,670,678,670,678,300,678
2015/09/24,688,688,688,688,1,000,688
