2011/06/03,2,050,2,050,2,040,2,049,1,000,2,049
2011/06/06,2,064,2,064,2,040,2,059,1,000,2,059
2011/06/07,2,050,2,050,2,050,2,050,300,2,050
2011/06/08,2,054,2,054,2,050,2,050,600,2,050
2011/06/09,2,050,2,060,2,050,2,060,500,2,060
2011/06/10,2,060,2,060,2,046,2,046,400,2,046
2011/06/13,2,060,2,060,2,060,2,060,100,2,060
2011/06/14,2,055,2,055,2,054,2,054,500,2,054
2011/06/15,2,050,2,053,2,048,2,048,1,200,2,048
2011/06/16,2,043,2,043,2,041,2,041,800,2,041
2011/06/17,2,041,2,041,2,040,2,040,400,2,040
2011/06/20,2,050,2,050,2,040,2,040,300,2,040
2011/06/21,2,039,2,039,2,032,2,032,800,2,032
2011/06/22,2,030,2,030,2,020,2,021,1,000,2,021
2011/06/23,2,021,2,039,2,020,2,039,1,400,2,039
2011/06/24,2,045,2,045,2,044,2,044,800,2,044
2011/06/27,2,044,2,044,2,020,2,022,1,500,2,022
2011/06/28,2,020,2,033,2,020,2,033,400,2,033
2011/06/29,2,033,2,033,2,025,2,025,500,2,025
2011/06/30,2,035,2,050,2,029,2,050,1,600,2,050
2015/08/24,4,100,4,140,3,870,3,990,14,100,3,990
2015/08/25,3,700,4,065,3,690,3,815,15,800,3,815
2015/08/26,4,100,4,130,4,000,4,120,4,100,4,120
2015/08/27,4,195,4,245,4,150,4,225,3,900,4,225
2015/08/28,4,250,4,290,4,235,4,290,3,100,4,290
2015/08/31,4,295,4,300,4,200,4,230,6,100,4,230
2015/09/01,4,285,4,285,4,130,4,180,4,800,4,180
2015/09/02,4,115,4,155,3,950,4,120,6,000,4,120
2015/09/03,4,200,4,200,4,140,4,140,2,000,4,140
2015/09/04,4,140,4,170,4,050,4,050,2,400,4,050
2015/09/07,3,960,4,020,3,885,4,020,11,400,4,020
2015/09/08,4,045,4,050,3,965,4,035,3,200,4,035
2015/09/09,4,145,4,145,4,085,4,115,2,300,4,115
2015/09/10,4,090,4,120,4,055,4,105,1,300,4,105
2015/09/11,4,150,4,175,4,140,4,165,3,900,4,165
2015/09/14,4,200,4,200,4,185,4,185,1,500,4,185
2015/09/15,4,170,4,200,4,155,4,195,2,500,4,195
2015/09/16,4,225,4,275,4,160,4,160,8,600,4,160
2015/09/17,4,150,4,175,4,000,4,130,4,600,4,130
2015/09/18,4,150,4,190,4,125,4,185,1,000,4,185
2015/09/24,4,185,4,225,4,175,4,200,5,000,4,200
2015/09/25,4,200,4,270,4,200,4,270,4,100,4,270
