2011/06/01,158,158,157,157,200,157
2011/06/02,157,157,157,157,100,157
2011/06/03,157,157,152,153,1,400,153
2011/06/06,153,153,151,151,900,151
2011/06/07,155,155,155,155,100,155
2011/06/08,153,153,153,153,100,153
2011/06/10,151,154,151,154,700,154
2011/06/13,155,157,155,157,700,157
2011/06/14,152,154,152,154,700,154
2011/06/15,154,154,153,154,1,400,154
2011/06/16,156,156,156,156,100,156
2011/06/17,156,157,156,157,1,500,157
2011/06/20,177,177,151,153,19,900,153
2011/06/21,153,156,153,156,300,156
2011/06/22,158,158,158,158,100,158
2011/06/23,158,160,158,160,700,160
2011/06/27,158,158,156,156,300,156
2011/06/28,159,159,159,159,200,159
2011/06/29,158,158,158,158,300,158
2011/06/30,157,163,157,163,1,700,163
2015/08/24,311,318,292,300,40,000,300
2015/08/25,285,310,282,282,26,900,282
2015/08/26,286,298,286,298,3,600,298
2015/08/27,296,305,296,303,6,400,303
2015/08/28,305,322,305,310,6,500,310
2015/08/31,310,310,293,303,6,800,303
2015/09/01,300,308,292,297,10,100,297
2015/09/02,295,305,293,300,2,500,300
2015/09/03,308,308,299,301,1,600,301
2015/09/04,298,298,290,292,12,000,292
2015/09/07,290,300,287,300,2,900,300
2015/09/08,300,300,292,295,2,600,295
2015/09/09,299,305,299,302,15,000,302
2015/09/10,303,303,288,298,15,300,298
2015/09/11,293,302,293,295,18,100,295
2015/09/14,300,305,294,302,5,000,302
2015/09/15,305,305,299,299,2,800,299
2015/09/16,296,299,296,296,6,800,296
2015/09/17,298,303,296,302,4,400,302
2015/09/18,295,300,295,300,8,500,300
2015/09/24,300,300,285,292,8,100,292
2015/09/25,292,296,290,296,3,100,296
2015/09/28,296,303,295,303,9,700,303
2015/09/29,351,380,320,320,1,166,600,320
2015/09/30,325,330,309,312,150,200,312
2015/10/01,315,328,313,314,66,900,314
2015/10/02,314,318,310,313,27,400,313
2015/10/05,314,320,313,320,19,400,320
2015/10/06,324,324,318,322,16,300,322
2015/10/07,320,325,315,325,29,700,325
2015/10/08,323,323,316,322,23,200,322
2015/10/09,324,344,323,334,97,300,334
