2011/06/03,88,89,87,88,389,000,88
2011/06/06,87,87,86,86,219,000,86
2011/06/07,86,87,86,86,125,000,86
2011/06/08,87,88,87,87,89,000,87
2011/06/09,86,87,86,87,145,000,87
2011/06/10,87,88,87,87,233,000,87
2011/06/13,88,88,86,87,386,000,87
2011/06/14,87,89,87,89,191,000,89
2011/06/15,89,89,88,89,200,000,89
2011/06/16,88,88,86,87,552,000,87
2011/06/17,87,87,86,86,189,000,86
2011/06/20,86,86,84,85,441,000,85
2011/06/21,86,86,85,85,173,000,85
2011/06/22,86,88,85,88,448,000,88
2011/06/23,87,88,86,87,198,000,87
2011/06/24,87,88,87,88,135,000,88
2011/06/27,88,89,88,88,264,000,88
2011/06/28,89,89,88,88,144,000,88
2011/06/29,89,89,88,89,192,000,89
2011/06/30,89,89,88,89,204,000,89
2015/08/24,119,120,117,117,1,515,000,117
2015/08/25,114,117,109,112,1,752,000,112
2015/08/26,112,115,112,114,1,168,000,114
2015/08/27,116,117,115,116,474,000,116
2015/08/28,118,119,116,119,470,000,119
2015/08/31,119,119,116,116,541,000,116
2015/09/01,116,119,115,116,1,168,000,116
2015/09/02,114,121,114,117,1,041,000,117
2015/09/03,118,119,115,116,590,000,116
2015/09/04,117,117,114,115,699,000,115
2015/09/07,114,116,112,114,747,000,114
2015/09/08,115,116,114,115,243,000,115
2015/09/09,117,118,115,118,511,000,118
2015/09/10,116,117,116,116,513,000,116
2015/09/11,117,118,116,118,451,000,118
2015/09/14,117,120,115,116,1,161,000,116
2015/09/15,117,119,116,117,752,000,117
2015/09/16,118,119,116,116,430,000,116
2015/09/17,117,118,116,117,418,000,117
2015/09/18,118,118,116,116,393,000,116
2015/09/24,115,118,114,116,638,000,116
2015/09/25,116,118,116,118,234,000,118
