2011/04/14,442,442,413,414,1,800,207
2011/04/15,430,430,430,430,100,215
2011/04/18,510,510,510,510,1,000,255
2011/04/22,443,443,440,440,400,220
2011/05/11,451,455,450,450,400,225
2011/05/13,470,470,470,470,200,235
2011/05/16,510,510,510,510,800,255
2011/05/17,459,460,440,440,400,220
2011/05/24,440,440,440,440,100,220
2011/06/07,420,420,420,420,700,210
2011/06/13,440,450,440,450,400,225
2011/06/14,450,460,450,460,500,230
2011/06/16,460,460,460,460,900,230
2011/06/27,440,440,440,440,100,220
2011/06/28,392,400,392,400,300,200
2015/08/24,580,580,525,525,32,400,525
2015/08/25,470,562,460,487,38,300,487
2015/08/26,530,558,520,544,15,500,544
2015/08/27,567,578,567,577,7,700,577
2015/08/28,586,597,586,592,10,300,592
2015/08/31,603,606,598,598,5,200,598
2015/09/01,600,600,582,587,6,200,587
2015/09/02,559,587,559,587,6,600,587
2015/09/03,595,595,576,587,2,500,587
2015/09/04,590,591,560,572,5,400,572
2015/09/07,574,574,552,562,9,700,562
2015/09/08,554,560,538,540,5,900,540
2015/09/09,545,548,532,548,9,000,548
2015/09/10,578,578,543,560,10,600,560
2015/09/11,543,565,543,564,6,900,564
2015/09/14,566,579,566,578,3,600,578
2015/09/15,578,595,578,594,3,700,594
2015/09/16,597,602,587,591,4,200,591
2015/09/17,591,599,588,590,3,700,590
2015/09/18,592,594,592,592,2,200,592
2015/09/24,599,600,592,593,5,100,593
2015/09/25,594,598,592,592,3,900,592
2015/09/28,593,596,575,591,4,400,591
2015/09/29,594,594,574,574,8,100,574
2015/09/30,589,589,567,568,3,900,568
2015/10/01,567,580,567,578,2,600,578
2015/10/02,592,596,587,594,5,700,594
2015/10/05,604,608,595,608,8,100,608
2015/10/06,613,614,610,613,6,400,613
2015/10/07,613,613,607,610,2,500,610
2015/10/08,613,613,606,606,1,700,606
2015/10/09,613,614,608,613,2,700,613
