2011/06/03,332,336,330,330,2,100,330
2011/06/06,326,330,306,329,1,500,329
2011/06/07,330,330,329,329,1,000,329
2011/06/08,325,328,321,321,1,400,321
2011/06/09,329,329,310,328,2,600,328
2011/06/10,328,328,318,328,2,800,328
2011/06/13,319,319,311,319,800,319
2011/06/14,322,323,313,323,1,000,323
2011/06/15,321,327,315,327,1,100,327
2011/06/16,325,325,317,322,2,900,322
2011/06/17,322,322,320,320,400,320
2011/06/20,315,318,315,315,2,400,315
2011/06/21,320,324,320,320,1,600,320
2011/06/22,322,323,321,323,900,323
2011/06/23,321,335,321,335,3,700,335
2011/06/24,340,344,340,344,8,400,344
2011/06/27,340,342,340,342,200,342
2011/06/28,348,357,348,357,500,357
2011/06/29,350,355,337,355,2,600,355
2011/06/30,346,355,346,355,1,900,355
2015/08/24,563,567,561,562,2,500,562
2015/08/25,562,564,555,555,7,600,555
2015/08/26,552,560,550,560,2,600,560
2015/08/27,555,555,553,553,1,600,553
2015/08/28,554,555,554,555,700,555
2015/08/31,555,555,553,555,1,400,555
2015/09/01,555,555,550,551,1,800,551
2015/09/02,550,550,543,550,1,400,550
2015/09/03,553,554,550,550,800,550
2015/09/04,552,553,545,552,2,000,552
2015/09/07,531,540,530,530,3,600,530
2015/09/08,521,534,521,534,7,900,534
2015/09/09,535,542,535,537,4,700,537
2015/09/10,520,523,501,508,7,300,508
2015/09/11,512,539,512,520,3,000,520
2015/09/14,540,540,513,513,5,100,513
2015/09/15,516,520,516,520,800,520
2015/09/16,521,524,521,521,900,521
2015/09/17,530,532,530,532,500,532
2015/09/18,534,540,534,536,900,536
2015/09/24,539,547,539,547,900,547
2015/09/25,573,573,560,560,5,400,560
