2015/08/21,1,913,1,913,1,885,1,885,3,000,1,885
2015/08/24,1,846,1,854,1,817,1,817,5,000,1,817
2015/08/25,1,617,1,810,1,617,1,750,8,200,1,750
2015/08/26,1,750,1,799,1,731,1,762,2,400,1,762
2015/08/27,1,816,1,842,1,816,1,839,1,400,1,839
2015/08/28,1,857,1,867,1,857,1,857,1,000,1,857
2015/08/31,1,865,1,868,1,857,1,865,1,400,1,865
2015/09/01,1,878,1,878,1,850,1,850,2,400,1,850
2015/09/02,1,810,1,831,1,810,1,824,3,800,1,824
2015/09/03,1,824,1,827,1,813,1,813,3,700,1,813
2015/09/04,1,812,1,815,1,786,1,786,2,100,1,786
2015/09/07,1,724,1,764,1,720,1,748,8,200,1,748
2015/09/08,1,768,1,770,1,727,1,729,2,300,1,729
2015/09/09,1,737,1,790,1,737,1,789,1,800,1,789
2015/09/10,1,789,1,789,1,789,1,789,500,1,789
2015/09/11,1,798,1,817,1,798,1,817,900,1,817
2015/09/14,1,819,1,819,1,810,1,810,500,1,810
2015/09/15,1,824,1,828,1,783,1,824,1,300,1,824
2015/09/17,1,785,1,825,1,785,1,791,1,200,1,791
2015/09/18,1,815,1,815,1,800,1,805,1,000,1,805
2015/09/24,1,808,1,819,1,806,1,815,2,000,1,815
2015/09/25,1,849,1,849,1,818,1,838,2,900,1,838
2015/09/28,1,849,1,849,1,846,1,849,700,1,849
2015/09/29,1,854,1,855,1,834,1,834,1,800,1,834
2015/09/30,1,845,1,884,1,845,1,866,2,600,1,866
2015/10/01,1,866,1,881,1,864,1,881,5,900,1,881
2015/10/02,1,889,1,890,1,873,1,890,2,600,1,890
2015/10/05,1,902,1,919,1,900,1,914,3,900,1,914
2015/10/06,1,934,1,934,1,930,1,930,2,800,1,930
2015/10/07,1,930,1,930,1,923,1,923,1,900,1,923
2015/10/08,1,927,1,937,1,926,1,937,3,100,1,937
