2015/08/24,902,941,862,889,23,600,889
2015/08/25,754,880,750,810,14,200,810
2015/08/26,812,852,791,852,15,300,852
2015/08/27,882,922,882,922,10,600,922
2015/08/28,930,1,005,930,985,10,100,985
2015/08/31,946,967,946,958,3,900,958
2015/09/01,948,948,895,897,4,100,897
2015/09/02,854,910,854,900,11,100,900
2015/09/03,900,900,897,897,2,900,897
2015/09/04,867,891,854,855,4,200,855
2015/09/07,829,844,821,844,4,000,844
2015/09/08,855,855,825,843,1,700,843
2015/09/09,860,869,831,849,2,500,849
2015/09/10,812,831,812,831,1,300,831
2015/09/11,846,860,830,860,800,860
2015/09/14,846,846,822,822,1,500,822
2015/09/15,821,828,820,828,1,100,828
2015/09/16,842,842,802,820,2,500,820
2015/09/17,820,826,820,826,6,800,826
2015/09/18,826,852,822,848,3,400,848
2015/09/24,831,839,822,836,900,836
2015/09/25,845,849,842,849,900,849
2015/09/28,860,869,860,868,500,868
2015/09/29,883,899,883,884,1,100,884
2015/09/30,879,885,865,885,400,885
2015/10/02,840,890,840,890,1,600,890
2015/10/05,890,902,890,902,1,300,902
2015/10/06,930,930,900,908,1,900,908
2015/10/07,901,925,901,902,1,700,902
2015/10/08,923,923,923,923,500,923
2015/10/09,908,919,905,918,1,300,918
