2015/08/21,574,574,561,572,11,000,572
2015/08/24,552,552,503,503,13,300,503
2015/08/25,492,492,460,492,13,700,492
2015/08/26,493,514,493,513,2,000,513
2015/08/27,513,513,493,494,4,600,494
2015/08/28,505,510,505,510,900,510
2015/08/31,500,511,500,511,900,511
2015/09/01,511,511,496,504,2,200,504
2015/09/02,504,504,494,500,400,500
2015/09/03,498,498,498,498,200,498
2015/09/04,495,495,486,486,1,600,486
2015/09/07,454,461,454,459,4,400,459
2015/09/08,457,457,448,455,2,700,455
2015/09/09,455,502,455,462,600,462
2015/09/11,462,462,455,457,1,100,457
2015/09/14,465,465,450,450,1,300,450
2015/09/15,451,458,451,458,300,458
2015/09/16,465,465,465,465,200,465
2015/09/17,453,456,453,455,900,455
2015/09/18,455,456,455,456,500,456
2015/09/24,454,454,454,454,100,454
2015/09/25,450,475,450,475,600,475
2015/09/29,474,474,457,462,1,800,462
2015/09/30,451,451,449,451,800,451
2015/10/01,451,475,450,458,1,900,458
2015/10/02,450,460,450,453,300,453
2015/10/05,449,460,449,460,1,000,460
2015/10/06,455,455,450,452,1,100,452
