2011/06/03,1,218,1,228,1,191,1,193,398,000,1,193
2011/06/06,1,182,1,197,1,173,1,188,643,500,1,188
2011/06/07,1,208,1,212,1,184,1,208,1,098,100,1,208
2011/06/08,1,199,1,218,1,192,1,212,731,600,1,212
2011/06/09,1,213,1,236,1,212,1,236,959,100,1,236
2011/06/10,1,252,1,252,1,225,1,236,802,100,1,236
2011/06/13,1,221,1,231,1,205,1,209,491,500,1,209
2011/06/14,1,211,1,243,1,205,1,225,506,800,1,225
2011/06/15,1,245,1,278,1,241,1,257,1,019,000,1,257
2011/06/16,1,237,1,274,1,232,1,262,1,310,500,1,262
2011/06/17,1,256,1,257,1,225,1,225,639,800,1,225
2011/06/20,1,268,1,278,1,239,1,244,892,300,1,244
2011/06/21,1,254,1,258,1,235,1,250,423,800,1,250
2011/06/22,1,248,1,282,1,248,1,276,538,800,1,276
2011/06/23,1,275,1,309,1,267,1,292,642,100,1,292
2011/06/24,1,299,1,305,1,284,1,297,389,700,1,297
2011/06/27,1,288,1,316,1,284,1,306,507,300,1,306
2011/06/28,1,316,1,355,1,313,1,322,887,200,1,322
2011/06/29,1,349,1,350,1,325,1,337,740,500,1,337
2011/06/30,1,339,1,344,1,327,1,335,453,300,1,335
2015/08/24,2,370,2,408,2,268,2,278,1,470,400,2,278
2015/08/25,2,178,2,345,2,176,2,222,1,354,800,2,222
2015/08/26,2,210,2,261,2,181,2,233,1,090,500,2,233
2015/08/27,2,283,2,327,2,247,2,256,1,163,500,2,256
2015/08/28,2,303,2,327,2,264,2,278,1,008,300,2,278
2015/08/31,2,259,2,284,2,245,2,278,767,200,2,278
2015/09/01,2,270,2,284,2,184,2,184,722,200,2,184
2015/09/02,2,140,2,178,2,103,2,106,1,103,300,2,106
2015/09/03,2,141,2,190,2,115,2,126,928,200,2,126
2015/09/04,2,147,2,147,2,066,2,078,833,400,2,078
2015/09/07,2,053,2,109,2,035,2,098,1,052,100,2,098
2015/09/08,2,108,2,132,2,078,2,093,965,300,2,093
2015/09/09,2,193,2,275,2,152,2,273,1,389,300,2,273
2015/09/10,2,228,2,238,2,193,2,231,654,000,2,231
2015/09/11,2,220,2,286,2,206,2,270,733,400,2,270
2015/09/14,2,270,2,280,2,236,2,245,685,800,2,245
2015/09/15,2,259,2,270,2,208,2,223,788,000,2,223
2015/09/16,2,251,2,279,2,204,2,209,523,600,2,209
2015/09/17,2,229,2,244,2,196,2,238,572,400,2,238
2015/09/18,2,261,2,321,2,240,2,297,1,671,400,2,297
2015/09/24,2,251,2,312,2,241,2,286,1,071,100,2,286
2015/09/25,2,288,2,435,2,274,2,423,1,387,200,2,423
2015/09/28,2,408,2,468,2,391,2,461,1,074,800,2,461
2015/09/29,2,420,2,420,2,346,2,370,971,300,2,370
2015/09/30,2,374,2,430,2,345,2,396,1,181,700,2,396
2015/10/01,2,429,2,497,2,406,2,458,1,082,100,2,458
2015/10/02,2,434,2,456,2,393,2,422,842,300,2,422
2015/10/05,2,457,2,463,2,385,2,440,707,100,2,440
2015/10/06,2,500,2,517,2,455,2,461,616,600,2,461
2015/10/07,2,435,2,459,2,391,2,439,681,400,2,439
2015/10/08,2,456,2,470,2,404,2,422,948,000,2,422
