2011/06/03,459,500,460,000,457,500,458,000,177,458,000
2011/06/06,455,000,455,000,453,000,454,000,510,454,000
2011/06/07,452,000,454,500,450,500,452,500,325,452,500
2011/06/08,450,500,452,500,449,500,450,000,299,450,000
2011/06/09,448,000,451,500,448,000,448,500,102,448,500
2011/06/10,449,000,451,500,448,000,450,500,228,450,500
2011/06/13,448,000,451,500,447,000,447,500,71,447,500
2011/06/14,447,500,451,000,444,000,444,000,166,444,000
2011/06/15,445,000,450,000,445,000,448,000,117,448,000
2011/06/16,448,000,450,000,446,000,446,000,147,446,000
2011/06/17,446,000,448,000,445,000,446,000,84,446,000
2011/06/20,446,000,448,500,442,000,442,000,195,442,000
2011/06/21,448,500,448,500,442,500,443,500,52,443,500
2011/06/22,448,000,452,000,442,000,450,000,168,450,000
2011/06/23,450,500,451,500,448,000,450,000,69,450,000
2011/06/24,447,500,448,500,445,500,446,000,164,446,000
2011/06/27,446,000,446,500,437,000,438,000,250,438,000
2011/06/28,435,500,440,000,435,000,440,000,155,440,000
2011/06/29,440,000,444,000,437,000,441,000,123,441,000
2011/06/30,443,500,451,500,443,500,450,500,251,450,500
2015/08/24,625,000,627,000,608,000,609,000,474,609,000
2015/08/25,583,000,606,000,581,000,581,000,904,581,000
2015/08/26,584,000,592,000,576,000,577,000,567,577,000
2015/08/27,591,000,592,000,581,000,584,000,547,584,000
2015/08/28,589,000,607,000,586,000,586,000,670,586,000
2015/08/31,588,000,594,000,581,000,590,000,533,590,000
2015/09/01,583,000,587,000,575,000,575,000,534,575,000
2015/09/02,567,000,584,000,562,000,570,000,795,570,000
2015/09/03,570,000,576,000,568,000,573,000,245,573,000
2015/09/04,578,000,582,000,563,000,567,000,424,567,000
2015/09/07,557,000,565,000,551,000,556,000,564,556,000
2015/09/08,553,000,564,000,550,000,551,000,468,551,000
2015/09/09,555,000,566,000,549,000,559,000,937,559,000
2015/09/10,556,000,560,000,544,000,559,000,1,027,559,000
2015/09/11,575,000,599,000,575,000,588,000,2,424,588,000
2015/09/14,597,000,610,000,584,000,594,000,1,636,594,000
2015/09/15,595,000,611,000,595,000,601,000,1,342,601,000
2015/09/16,601,000,614,000,592,000,598,000,1,244,598,000
2015/09/17,606,000,621,000,606,000,613,000,1,468,613,000
2015/09/18,617,000,618,000,605,000,611,000,729,611,000
2015/09/24,610,000,630,000,606,000,611,000,1,536,611,000
2015/09/25,611,000,697,000,611,000,671,000,3,190,671,000
