2011/06/03,435,000,437,000,434,500,436,000,116,218,000
2011/06/06,436,500,438,500,428,000,428,000,306,214,000
2011/06/07,429,000,430,000,420,000,423,000,287,211,500
2011/06/08,426,500,426,500,419,500,419,500,318,209,750
2011/06/09,419,500,425,000,419,500,420,000,65,210,000
2011/06/10,420,000,420,500,414,500,418,000,170,209,000
2011/06/13,418,000,421,500,415,500,418,500,28,209,250
2011/06/14,418,000,420,000,416,000,416,000,82,208,000
2011/06/15,416,000,418,500,415,500,417,500,76,208,750
2011/06/16,417,000,419,500,414,000,414,000,117,207,000
2011/06/17,415,500,417,000,414,500,417,000,81,208,500
2011/06/20,417,000,419,000,413,500,416,000,307,208,000
2011/06/21,421,500,421,500,414,000,414,500,163,207,250
2011/06/22,414,500,414,500,411,000,411,500,133,205,750
2011/06/23,411,500,413,000,410,000,411,500,158,205,750
2011/06/24,411,500,411,500,405,500,406,000,219,203,000
2011/06/27,405,000,405,500,401,500,401,500,311,200,750
2011/06/28,391,500,391,500,388,000,388,500,271,194,250
2011/06/29,389,000,392,000,389,000,389,500,236,194,750
2011/06/30,396,500,400,000,391,500,399,000,365,199,500
2015/08/24,520,000,521,000,505,000,511,000,1,118,511,000
2015/08/25,500,000,516,000,489,000,491,500,1,181,491,500
2015/08/26,494,000,496,500,485,500,487,000,907,487,000
2015/08/27,500,000,511,000,498,000,507,000,836,507,000
2015/08/28,509,000,510,000,501,000,504,000,485,504,000
2015/08/31,510,000,510,000,500,000,504,000,642,504,000
2015/09/01,500,000,504,000,494,500,494,500,548,494,500
2015/09/02,497,000,504,000,485,500,489,500,825,489,500
2015/09/03,490,000,493,000,483,500,488,500,618,488,500
2015/09/04,488,500,488,500,467,500,468,500,1,049,468,500
2015/09/07,458,500,474,000,452,500,469,000,1,291,469,000
2015/09/08,465,500,468,500,445,000,449,000,1,343,449,000
2015/09/09,455,000,465,500,453,000,460,000,1,510,460,000
2015/09/10,460,000,474,000,454,500,472,000,1,015,472,000
2015/09/11,485,000,498,000,482,000,498,000,1,168,498,000
2015/09/14,491,000,503,000,490,000,493,500,819,493,500
2015/09/15,491,000,497,000,489,500,490,500,354,490,500
2015/09/16,497,000,502,000,492,000,494,000,534,494,000
2015/09/17,496,500,505,000,496,000,503,000,542,503,000
2015/09/18,507,000,511,000,504,000,505,000,562,505,000
2015/09/24,500,000,512,000,495,000,502,000,905,502,000
2015/09/25,509,000,522,000,508,000,521,000,872,521,000
2015/09/28,520,000,526,000,518,000,520,000,594,520,000
2015/09/29,517,000,517,000,502,000,509,000,1,149,509,000
2015/09/30,515,000,528,000,509,000,521,000,419,521,000
2015/10/01,525,000,536,000,520,000,530,000,903,530,000
2015/10/02,530,000,530,000,522,000,523,000,838,523,000
2015/10/05,523,000,529,000,518,000,525,000,665,525,000
2015/10/06,524,000,530,000,521,000,527,000,787,527,000
2015/10/07,528,000,530,000,516,000,519,000,712,519,000
