2011/06/03,135,136,131,131,1,667,000,131
2011/06/06,131,131,125,128,1,821,000,128
2011/06/07,127,132,126,132,1,283,000,132
2011/06/08,132,133,128,130,1,039,500,130
2011/06/09,129,130,127,129,533,000,129
2011/06/10,130,131,129,129,991,500,129
2011/06/13,128,129,127,128,503,500,128
2011/06/14,128,132,128,131,790,000,131
2011/06/15,133,133,131,132,508,000,132
2011/06/16,130,131,128,128,1,329,500,128
2011/06/17,132,132,129,131,1,346,000,131
2011/06/20,131,132,129,130,1,220,000,130
2011/06/21,132,133,130,133,880,000,133
2011/06/22,133,136,133,136,1,603,500,136
2011/06/23,135,135,133,134,899,000,134
2011/06/24,133,134,131,132,834,500,132
2011/06/27,132,133,131,132,673,000,132
2011/06/28,133,142,133,141,2,982,500,141
2011/06/29,144,146,140,142,2,255,000,142
2011/06/30,142,142,136,138,1,651,000,138
2015/08/24,107,108,103,105,2,017,400,105
2015/08/25,100,104,99,100,2,133,300,100
2015/08/26,102,105,101,103,907,400,103
2015/08/27,105,107,103,104,913,800,104
2015/08/28,107,108,106,107,630,000,107
2015/08/31,107,107,104,105,771,100,105
2015/09/01,105,106,104,104,585,000,104
2015/09/02,104,105,102,102,669,800,102
2015/09/03,104,105,103,103,616,200,103
2015/09/04,104,104,101,102,555,700,102
2015/09/07,101,102,100,101,364,900,101
2015/09/08,101,102,101,101,265,300,101
2015/09/09,103,106,101,105,830,600,105
2015/09/10,103,104,102,103,408,700,103
2015/09/11,103,104,103,103,549,500,103
2015/09/14,104,104,102,104,534,500,104
2015/09/15,103,104,102,103,241,400,103
2015/09/16,103,105,103,104,289,500,104
2015/09/17,105,105,103,105,485,400,105
2015/09/18,105,105,103,103,406,800,103
2015/09/24,103,103,101,101,508,300,101
2015/09/25,101,103,99,103,1,046,600,103
