2011/06/01,63,000,64,000,63,000,64,000,13,640
2011/06/02,63,900,63,900,63,500,63,500,7,635
2011/06/06,63,500,63,800,63,500,63,800,12,638
2011/06/07,63,800,63,800,63,800,63,800,23,638
2011/06/08,63,800,63,800,63,800,63,800,11,638
2011/06/09,64,000,64,000,64,000,64,000,2,640
2011/06/10,63,800,64,000,63,800,63,800,3,638
2011/06/13,63,800,64,000,63,800,64,000,19,640
2011/06/14,64,000,64,000,64,000,64,000,1,640
2011/06/15,64,000,64,000,63,800,63,800,7,638
2011/06/16,63,800,63,800,63,800,63,800,12,638
2011/06/17,63,800,64,000,63,800,63,800,19,638
2011/06/20,63,500,63,500,63,500,63,500,2,635
2011/06/21,63,000,63,000,63,000,63,000,1,630
2011/06/22,62,000,63,000,62,000,63,000,5,630
2011/06/23,62,000,63,400,62,000,63,400,6,634
2011/06/24,62,400,62,400,61,700,62,400,13,624
2011/06/27,63,900,63,900,63,900,63,900,7,639
2011/06/28,63,900,63,900,63,900,63,900,1,639
2011/06/30,62,900,62,900,62,900,62,900,3,629
2015/08/21,855,865,855,865,800,865
2015/08/24,842,844,842,843,1,900,843
2015/08/25,820,840,820,840,2,500,840
2015/08/26,840,846,840,845,300,845
2015/08/27,854,868,854,868,500,868
2015/08/28,869,869,861,864,1,200,864
2015/08/31,871,871,871,871,200,871
2015/09/01,862,863,856,859,900,859
2015/09/02,873,873,870,870,1,300,870
2015/09/03,860,870,860,861,500,861
2015/09/04,846,846,844,844,900,844
2015/09/07,859,859,859,859,300,859
2015/09/08,859,859,859,859,400,859
2015/09/09,859,859,859,859,400,859
2015/09/11,848,848,848,848,100,848
2015/09/14,848,848,838,838,600,838
2015/09/15,867,867,867,867,100,867
2015/09/16,848,848,848,848,100,848
2015/09/17,838,838,810,833,2,200,833
2015/09/18,833,861,833,846,1,000,846
2015/09/24,860,860,845,850,300,850
2015/09/25,860,860,846,846,600,846
2015/09/29,831,831,831,831,200,831
2015/09/30,839,839,829,829,200,829
2015/10/01,829,830,829,830,1,400,830
2015/10/02,830,830,830,830,800,830
2015/10/05,826,856,824,856,1,500,856
2015/10/07,856,856,856,856,500,856
2015/10/08,850,850,835,840,600,840
