2011/05/19,98,000,98,000,98,000,98,000,10,245
2011/05/23,100,000,100,000,100,000,100,000,5,250
2011/05/31,100,000,100,000,100,000,100,000,3,250
2011/06/06,98,100,98,100,98,000,98,000,2,245
2011/06/07,98,000,98,000,98,000,98,000,1,245
2011/06/09,98,000,98,000,98,000,98,000,2,245
2011/06/14,98,000,98,000,98,000,98,000,4,245
2011/06/22,98,000,98,000,98,000,98,000,1,245
2011/06/30,100,800,101,200,100,100,100,800,8,252
2015/08/24,1,001,1,025,1,001,1,003,39,800,1,003
2015/08/25,992,1,040,961,1,022,64,800,1,022
2015/08/26,1,016,1,038,1,013,1,021,28,200,1,021
2015/08/27,1,040,1,048,1,029,1,039,18,800,1,039
2015/08/28,1,049,1,058,1,045,1,058,14,300,1,058
2015/08/31,1,060,1,062,1,045,1,061,15,700,1,061
2015/09/01,1,061,1,064,1,041,1,041,15,300,1,041
2015/09/02,1,030,1,051,1,026,1,035,15,300,1,035
2015/09/03,1,049,1,049,1,020,1,032,17,400,1,032
2015/09/04,1,015,1,030,1,012,1,012,21,800,1,012
2015/09/07,1,012,1,021,1,005,1,015,13,900,1,015
2015/09/08,1,011,1,024,1,003,1,008,17,500,1,008
2015/09/09,1,020,1,043,1,020,1,038,12,000,1,038
2015/09/10,1,040,1,047,1,036,1,038,9,500,1,038
2015/09/11,1,050,1,060,1,049,1,058,16,000,1,058
2015/09/14,1,058,1,074,1,058,1,060,12,500,1,060
2015/09/15,1,060,1,066,1,053,1,058,14,900,1,058
2015/09/16,1,065,1,066,1,061,1,066,9,100,1,066
2015/09/17,1,064,1,067,1,061,1,062,12,900,1,062
2015/09/18,1,062,1,067,1,059,1,067,12,700,1,067
2015/09/24,1,067,1,075,1,059,1,063,31,600,1,063
2015/09/25,1,065,1,071,1,064,1,071,29,300,1,071
2015/09/28,1,000,1,021,1,000,1,014,37,400,1,014
2015/09/29,1,005,1,009,987,988,23,000,988
2015/09/30,1,000,1,009,991,1,003,10,800,1,003
2015/10/01,1,003,1,010,995,996,11,700,996
2015/10/02,1,000,1,014,996,1,012,11,300,1,012
2015/10/05,1,003,1,012,1,003,1,011,6,400,1,011
2015/10/06,1,014,1,017,1,000,1,013,10,600,1,013
2015/10/07,1,013,1,013,1,001,1,007,8,100,1,007
2015/10/08,1,007,1,010,992,997,15,900,997
