2011/06/03,99,100,97,98,264,000,98
2011/06/06,98,99,95,96,330,000,96
2011/06/07,96,96,94,96,380,000,96
2011/06/08,96,97,95,95,141,000,95
2011/06/09,96,96,94,95,158,000,95
2011/06/10,95,97,95,95,271,000,95
2011/06/13,95,99,94,99,369,000,99
2011/06/14,99,102,98,101,582,000,101
2011/06/15,100,102,99,101,309,000,101
2011/06/16,100,103,99,100,545,000,100
2011/06/17,100,100,96,98,346,000,98
2011/06/20,96,98,96,97,86,000,97
2011/06/21,98,100,98,100,139,000,100
2011/06/22,100,101,99,101,172,000,101
2011/06/23,102,102,100,100,135,000,100
2011/06/24,101,101,99,100,116,000,100
2011/06/27,99,101,99,101,185,000,101
2011/06/28,102,107,101,103,1,651,000,103
2011/06/29,103,104,101,101,278,000,101
2011/06/30,102,102,101,102,184,000,102
2015/08/24,204,212,196,196,1,073,000,196
2015/08/25,190,205,180,192,977,000,192
2015/08/26,199,204,191,204,622,000,204
2015/08/27,206,211,203,204,694,000,204
2015/08/28,209,211,207,210,421,000,210
2015/08/31,209,220,207,220,976,000,220
2015/09/01,222,269,221,248,27,423,000,248
2015/09/02,240,254,237,243,6,342,000,243
2015/09/03,250,265,243,248,5,252,000,248
2015/09/04,250,252,231,240,1,822,000,240
2015/09/07,233,236,225,233,840,000,233
2015/09/08,233,236,222,225,811,000,225
2015/09/09,235,239,228,238,785,000,238
2015/09/10,233,248,231,245,1,086,000,245
2015/09/11,243,247,238,241,710,000,241
2015/09/14,246,246,231,236,505,000,236
2015/09/15,236,240,218,220,1,191,000,220
2015/09/16,222,223,201,212,2,234,000,212
2015/09/17,213,219,209,216,628,000,216
2015/09/18,213,216,209,210,409,000,210
2015/09/24,208,209,202,204,463,000,204
2015/09/25,207,207,201,207,384,000,207
2015/09/28,206,212,204,211,290,000,211
2015/09/29,208,208,201,201,466,000,201
2015/09/30,204,207,200,204,508,000,204
2015/10/01,208,208,200,203,545,000,203
2015/10/02,203,211,203,207,530,000,207
2015/10/05,209,213,206,210,635,000,210
2015/10/06,213,213,207,209,542,000,209
2015/10/07,209,213,206,212,328,000,212
2015/10/08,211,214,209,214,334,000,214
2015/10/09,214,222,214,219,611,000,219
