2011/06/09,2,076,2,076,2,076,2,076,300,519
2011/06/16,2,055,2,080,2,055,2,080,200,520
2011/06/22,2,068,2,068,2,068,2,068,200,517
2011/06/27,2,068,2,068,2,068,2,068,600,517
2011/06/28,2,004,2,004,2,004,2,004,100,501
2011/06/29,2,004,2,004,2,004,2,004,2,400,501
2011/06/30,2,004,2,004,2,004,2,004,100,501
2015/08/24,1,285,1,285,1,190,1,190,14,100,1,190
2015/08/25,953,1,301,951,1,290,30,800,1,290
2015/08/26,1,170,1,275,1,170,1,254,8,500,1,254
2015/08/27,1,254,1,255,1,150,1,179,6,300,1,179
2015/08/28,1,239,1,239,1,200,1,200,5,400,1,200
2015/08/31,1,239,1,250,1,216,1,239,5,400,1,239
2015/09/01,1,239,1,268,1,239,1,268,9,200,1,268
2015/09/02,1,260,1,260,1,214,1,214,4,200,1,214
2015/09/03,1,216,1,250,1,215,1,222,4,600,1,222
2015/09/04,1,215,1,224,1,182,1,198,3,600,1,198
2015/09/07,1,180,1,180,1,134,1,154,1,800,1,154
2015/09/08,1,153,1,167,1,150,1,151,5,600,1,151
2015/09/09,1,180,1,209,1,180,1,209,1,500,1,209
2015/09/10,1,154,1,174,1,154,1,167,800,1,167
2015/09/11,1,167,1,180,1,155,1,170,2,200,1,170
2015/09/14,1,170,1,170,1,161,1,169,1,400,1,169
2015/09/15,1,156,1,160,1,153,1,160,1,300,1,160
2015/09/16,1,160,1,163,1,150,1,150,2,300,1,150
2015/09/17,1,151,1,169,1,151,1,160,800,1,160
2015/09/18,1,134,1,165,1,133,1,165,1,600,1,165
2015/09/24,1,169,1,169,1,164,1,164,200,1,164
2015/09/25,1,117,1,199,1,117,1,184,5,900,1,184
