2015/08/24,87,400,88,100,84,200,84,500,1,298,84,500
2015/08/25,81,500,85,600,79,800,81,500,2,070,81,500
2015/08/26,80,000,82,000,79,500,79,800,2,611,79,800
2015/08/27,81,300,81,800,80,700,81,000,2,655,81,000
2015/08/28,82,000,83,000,81,200,82,300,1,574,82,300
2015/08/31,82,500,82,500,81,000,81,400,668,81,400
2015/09/01,81,200,81,300,80,500,80,500,919,80,500
2015/09/02,79,700,82,000,78,600,79,500,1,333,79,500
2015/09/03,80,000,80,700,78,600,80,300,751,80,300
2015/09/04,79,900,81,100,78,800,78,800,2,514,78,800
2015/09/07,78,100,78,300,76,900,76,900,2,252,76,900
2015/09/08,76,100,77,000,73,000,73,900,2,866,73,900
2015/09/09,74,300,76,600,74,000,75,200,1,343,75,200
2015/09/10,75,000,75,800,74,300,75,300,992,75,300
2015/09/11,75,400,79,100,75,400,79,100,670,79,100
2015/09/14,79,800,80,000,77,800,78,800,775,78,800
2015/09/15,79,800,80,000,77,900,77,900,520,77,900
2015/09/16,78,000,79,300,78,000,78,200,472,78,200
2015/09/17,78,700,79,500,78,500,79,100,580,79,100
2015/09/18,79,900,84,900,79,600,84,500,1,575,84,500
2015/09/24,81,500,84,500,81,200,83,500,576,83,500
2015/09/25,83,000,84,300,82,700,83,600,404,83,600
