2011/06/30,891,900,891,900,1,000,75
2015/08/24,906,948,832,840,375,300,840
2015/08/25,800,880,736,805,446,900,805
2015/08/26,837,920,806,907,311,200,907
2015/08/27,757,905,757,882,1,016,900,882
2015/08/28,888,945,870,936,375,000,936
2015/08/31,932,1,076,931,1,038,482,900,1,038
2015/09/01,1,005,1,020,949,956,255,700,956
2015/09/02,915,943,855,869,300,600,869
2015/09/03,870,905,861,865,133,900,865
2015/09/04,864,873,782,809,244,800,809
2015/09/07,809,839,780,824,181,500,824
2015/09/08,810,826,760,820,190,200,820
2015/09/09,835,845,810,838,127,100,838
2015/09/10,809,821,788,814,94,600,814
2015/09/11,810,870,810,849,115,000,849
2015/09/14,842,859,816,821,88,200,821
2015/09/15,822,858,821,822,87,000,822
2015/09/16,828,835,786,803,89,900,803
2015/09/17,818,866,804,857,139,800,857
2015/09/18,835,857,821,825,87,100,825
2015/09/24,795,975,760,975,261,400,975
2015/09/25,885,890,828,844,180,700,844
