2015/08/24,1,722,1,757,1,450,1,584,3,505,700,1,584
2015/08/25,1,504,1,621,1,465,1,507,2,742,200,1,507
2015/08/26,1,530,1,574,1,486,1,525,2,982,300,1,525
2015/08/27,1,585,1,636,1,573,1,595,1,916,500,1,595
2015/08/28,1,706,1,723,1,680,1,695,3,325,000,1,695
2015/08/31,1,687,1,721,1,666,1,690,2,091,500,1,690
2015/09/01,1,690,1,705,1,628,1,628,1,425,600,1,628
2015/09/02,1,659,1,691,1,635,1,660,1,949,100,1,660
2015/09/03,1,677,1,677,1,634,1,638,1,323,500,1,638
2015/09/04,1,653,1,662,1,554,1,580,1,090,900,1,580
2015/09/07,1,565,1,582,1,527,1,581,979,200,1,581
2015/09/08,1,591,1,623,1,530,1,537,1,078,200,1,537
2015/09/09,1,657,1,662,1,583,1,662,1,556,700,1,662
2015/09/10,1,628,1,671,1,607,1,655,1,826,800,1,655
2015/09/11,1,643,1,708,1,627,1,680,1,549,300,1,680
2015/09/14,1,685,1,698,1,652,1,664,1,218,400,1,664
2015/09/15,1,683,1,716,1,658,1,670,1,344,300,1,670
2015/09/16,1,697,1,699,1,615,1,627,1,646,100,1,627
2015/09/17,1,633,1,678,1,605,1,670,1,129,400,1,670
2015/09/18,1,662,1,662,1,605,1,615,1,089,100,1,615
2015/09/24,1,600,1,688,1,582,1,632,1,476,800,1,632
2015/09/25,1,620,1,625,1,565,1,612,1,409,300,1,612
2015/09/28,1,600,1,622,1,577,1,597,901,200,1,597
2015/09/29,1,571,1,596,1,524,1,539,1,242,700,1,539
2015/09/30,1,563,1,594,1,527,1,585,988,400,1,585
2015/10/01,1,600,1,626,1,573,1,598,902,300,1,598
2015/10/02,1,581,1,598,1,558,1,578,845,600,1,578
2015/10/05,1,603,1,651,1,603,1,648,1,197,100,1,648
2015/10/06,1,661,1,697,1,634,1,637,1,134,700,1,637
2015/10/07,1,638,1,650,1,609,1,631,697,400,1,631
2015/10/08,1,630,1,646,1,595,1,603,1,312,700,1,603
