2015/08/24,1,996,2,048,1,882,1,883,2,528,200,1,883
2015/08/25,1,803,2,199,1,750,2,027,3,458,600,2,027
2015/08/26,2,012,2,164,2,005,2,143,1,852,200,2,143
2015/08/27,2,193,2,229,2,107,2,107,1,068,700,2,107
2015/08/28,2,171,2,199,2,152,2,173,751,900,2,173
2015/08/31,2,171,2,206,2,139,2,189,842,100,2,189
2015/09/01,2,184,2,194,2,016,2,019,1,286,300,2,019
2015/09/02,1,939,2,048,1,931,2,002,985,300,2,002
2015/09/03,2,020,2,043,1,990,2,009,689,000,2,009
2015/09/04,2,007,2,011,1,915,1,945,930,900,1,945
2015/09/07,1,917,2,046,1,910,2,034,1,202,100,2,034
2015/09/08,2,006,2,033,1,937,1,956,890,100,1,956
2015/09/09,2,015,2,045,2,000,2,045,802,700,2,045
2015/09/10,1,996,2,075,1,990,2,067,675,500,2,067
2015/09/11,2,027,2,078,2,020,2,049,524,500,2,049
2015/09/14,2,060,2,090,2,021,2,057,486,300,2,057
2015/09/15,2,047,2,066,2,021,2,026,483,100,2,026
2015/09/16,2,058,2,084,2,024,2,031,500,000,2,031
2015/09/17,2,016,2,097,2,015,2,091,534,000,2,091
2015/09/18,2,085,2,110,2,043,2,061,316,700,2,061
2015/09/24,2,100,2,108,2,029,2,037,550,900,2,037
2015/09/25,2,030,2,088,1,990,2,083,445,600,2,083
