2011/06/02,1,149,1,149,1,080,1,140,9,500,570
2011/06/07,1,122,1,130,1,122,1,126,2,800,563
2011/06/08,1,126,1,126,1,100,1,102,5,600,551
2011/06/13,1,118,1,118,1,118,1,118,900,559
2011/06/14,1,119,1,130,1,119,1,130,4,900,565
2011/06/15,1,132,1,160,1,132,1,160,2,200,580
2011/06/16,1,160,1,165,1,160,1,160,3,300,580
2011/06/17,1,169,1,180,1,169,1,180,2,700,590
2011/06/20,1,180,1,200,1,150,1,160,6,100,580
2011/06/21,1,160,1,182,1,160,1,182,1,300,591
2011/06/23,1,199,1,220,1,170,1,220,5,600,610
2011/06/24,1,220,1,223,1,200,1,218,3,600,609
2011/06/28,1,229,1,229,1,200,1,200,2,300,600
2011/06/29,1,200,1,200,1,200,1,200,200,600
2011/06/30,1,200,1,220,1,200,1,200,4,300,600
2015/08/24,2,060,2,108,2,060,2,065,4,800,2,065
2015/08/25,2,000,2,065,1,980,2,025,4,800,2,025
2015/08/26,2,099,2,189,2,070,2,189,11,000,2,189
2015/08/27,2,140,2,187,2,050,2,187,4,300,2,187
2015/08/28,2,150,2,164,2,130,2,136,1,100,2,136
2015/08/31,2,136,2,136,2,136,2,136,100,2,136
2015/09/01,2,136,2,155,2,106,2,155,5,600,2,155
2015/09/02,2,055,2,150,2,021,2,150,12,700,2,150
2015/09/03,2,111,2,111,2,111,2,111,200,2,111
2015/09/04,2,061,2,103,2,050,2,103,2,700,2,103
2015/09/07,2,028,2,080,2,028,2,068,1,500,2,068
2015/09/08,2,050,2,064,2,032,2,048,1,300,2,048
2015/09/09,2,064,2,090,2,064,2,087,1,800,2,087
2015/09/10,2,051,2,070,2,040,2,055,1,600,2,055
2015/09/11,2,059,2,064,2,059,2,064,300,2,064
2015/09/14,2,015,2,026,2,012,2,012,1,600,2,012
2015/09/15,2,010,2,039,2,010,2,028,2,600,2,028
2015/09/16,2,036,2,036,2,028,2,028,800,2,028
2015/09/17,2,021,2,049,1,955,1,955,3,000,1,955
2015/09/18,1,970,2,023,1,970,2,023,1,300,2,023
2015/09/24,2,005,2,027,2,005,2,024,1,300,2,024
2015/09/25,1,985,2,010,1,980,1,995,900,1,995
2015/09/28,2,035,2,035,2,002,2,010,500,2,010
2015/09/29,2,010,2,010,1,980,1,980,500,1,980
2015/09/30,2,029,2,029,1,987,1,987,300,1,987
2015/10/01,2,019,2,034,1,988,1,988,400,1,988
2015/10/02,1,985,1,985,1,985,1,985,200,1,985
2015/10/05,2,000,2,000,2,000,2,000,500,2,000
2015/10/06,2,009,2,028,2,009,2,028,400,2,028
2015/10/07,2,030,2,044,2,011,2,044,1,100,2,044
2015/10/08,2,042,2,044,2,030,2,030,1,200,2,030
