2011/06/03,122,000,122,000,120,000,120,000,13,600
2011/06/06,120,000,120,000,118,500,118,600,7,593
2011/06/07,119,500,119,500,117,000,117,000,8,585
2011/06/10,125,400,125,400,124,500,124,800,20,624
2011/06/14,123,600,123,600,123,600,123,600,2,618
2011/06/15,124,000,124,000,123,800,124,000,8,620
2011/06/20,128,500,129,200,127,800,129,200,16,646
2011/06/21,132,200,132,700,128,200,128,200,22,641
2011/06/22,132,800,134,000,130,000,134,000,24,670
2011/06/23,134,900,135,000,133,000,135,000,10,675
2011/06/24,136,700,137,600,134,400,137,600,17,688
2011/06/27,140,600,145,000,140,300,144,800,50,724
2011/06/28,148,100,148,100,143,000,144,000,81,720
2011/06/29,147,500,147,500,143,500,144,000,16,720
2011/06/30,145,000,145,000,145,000,145,000,4,725
2015/08/24,1,060,1,080,1,011,1,019,18,000,1,019
2015/08/25,947,1,004,912,963,18,200,963
2015/08/26,971,998,965,998,14,000,998
2015/08/27,1,027,1,029,995,1,013,6,100,1,013
2015/08/28,1,014,1,057,1,014,1,034,8,900,1,034
2015/08/31,1,036,1,042,1,010,1,019,9,400,1,019
2015/09/01,1,022,1,023,970,973,11,600,973
2015/09/02,960,992,944,956,11,800,956
2015/09/03,956,970,954,955,14,100,955
2015/09/04,953,954,920,931,14,100,931
2015/09/07,920,942,910,929,4,100,929
2015/09/08,929,929,909,910,4,200,910
2015/09/09,935,945,935,945,4,000,945
2015/09/10,940,945,930,942,5,000,942
2015/09/11,954,965,951,960,7,800,960
2015/09/14,971,972,950,956,2,300,956
2015/09/15,958,958,951,955,3,500,955
2015/09/16,959,960,948,949,2,600,949
2015/09/17,959,973,950,971,5,500,971
2015/09/18,968,975,960,966,6,700,966
2015/09/24,966,966,950,959,7,500,959
2015/09/25,970,974,964,973,32,700,973
