2011/06/03,1,323,1,338,1,323,1,330,1,600,1,330
2011/06/06,1,349,1,350,1,338,1,338,700,1,338
2011/06/07,1,345,1,348,1,340,1,348,700,1,348
2011/06/08,1,339,1,339,1,337,1,337,700,1,337
2011/06/09,1,340,1,355,1,340,1,355,2,200,1,355
2011/06/10,1,365,1,374,1,360,1,374,2,800,1,374
2011/06/13,1,674,1,674,1,674,1,674,21,500,1,674
2011/06/14,1,700,1,734,1,651,1,690,104,500,1,690
2011/06/15,1,686,1,686,1,639,1,670,20,300,1,670
2011/06/16,1,662,1,662,1,625,1,625,7,500,1,625
2011/06/17,1,606,1,606,1,550,1,550,13,200,1,550
2011/06/20,1,549,1,598,1,546,1,583,4,100,1,583
2011/06/21,1,572,1,595,1,572,1,578,3,000,1,578
2011/06/22,1,585,1,613,1,585,1,606,3,800,1,606
2011/06/23,1,619,1,639,1,614,1,626,8,100,1,626
2011/06/24,1,635,1,635,1,617,1,618,2,300,1,618
2011/06/27,1,599,1,609,1,599,1,600,1,600,1,600
2011/06/28,1,592,1,598,1,585,1,585,2,800,1,585
2011/06/29,1,555,1,575,1,550,1,560,13,300,1,560
2011/06/30,1,584,1,584,1,560,1,580,1,900,1,580
2015/08/21,5,440,5,440,5,290,5,390,2,900,5,390
2015/08/24,5,020,5,160,4,865,4,885,4,800,4,885
2015/08/25,4,535,5,090,4,470,4,870,4,400,4,870
2015/08/26,4,790,5,210,4,790,5,200,5,000,5,200
2015/08/27,5,200,5,350,5,150,5,340,4,400,5,340
2015/08/28,5,440,5,570,5,440,5,500,1,500,5,500
2015/08/31,5,400,5,650,5,300,5,650,6,400,5,650
2015/09/01,5,750,5,750,5,490,5,550,3,100,5,550
2015/09/02,5,450,5,600,5,250,5,550,8,200,5,550
2015/09/03,5,590,5,590,5,530,5,550,700,5,550
2015/09/04,5,380,5,420,5,250,5,400,6,000,5,400
2015/09/07,5,300,5,400,5,300,5,400,700,5,400
2015/09/09,5,600,5,600,5,340,5,400,4,100,5,400
2015/09/10,5,400,5,500,5,390,5,430,1,300,5,430
2015/09/11,5,400,5,460,5,310,5,430,3,600,5,430
2015/09/14,5,130,5,170,4,995,5,000,16,800,5,000
2015/09/15,4,900,5,050,4,800,4,800,6,400,4,800
2015/09/16,4,890,5,000,4,870,4,940,5,000,4,940
2015/09/17,5,010,5,010,4,890,4,945,3,600,4,945
2015/09/18,4,945,4,950,4,840,4,900,5,400,4,900
2015/09/24,4,900,4,900,4,820,4,830,500,4,830
2015/09/25,4,855,4,865,4,820,4,860,1,100,4,860
2015/09/28,4,900,4,900,4,805,4,855,700,4,855
2015/09/29,4,850,4,850,4,600,4,615,4,900,4,615
2015/09/30,4,655,4,700,4,635,4,700,1,400,4,700
2015/10/01,4,795,4,845,4,750,4,785,3,600,4,785
2015/10/02,4,780,4,795,4,720,4,780,1,800,4,780
2015/10/05,4,780,4,820,4,755,4,795,3,300,4,795
2015/10/06,4,815,4,815,4,670,4,680,7,700,4,680
2015/10/07,4,725,4,750,4,690,4,735,1,000,4,735
2015/10/08,4,750,4,790,4,620,4,620,4,000,4,620
