2015/08/21,1,650,1,650,1,580,1,582,6,100,1,582
2015/08/24,1,566,1,566,1,502,1,503,2,600,1,503
2015/08/25,1,420,1,470,1,397,1,470,5,100,1,470
2015/08/26,1,392,1,484,1,390,1,484,3,600,1,484
2015/08/27,1,496,1,501,1,438,1,479,800,1,479
2015/08/28,1,509,1,523,1,484,1,500,1,400,1,500
2015/08/31,1,532,1,532,1,503,1,503,500,1,503
2015/09/01,1,498,1,535,1,488,1,535,300,1,535
2015/09/02,1,528,1,528,1,488,1,518,300,1,518
2015/09/03,1,526,1,526,1,500,1,500,200,1,500
2015/09/04,1,539,1,539,1,539,1,539,100,1,539
2015/09/07,1,537,1,537,1,437,1,536,800,1,536
2015/09/08,1,538,1,538,1,538,1,538,400,1,538
2015/09/09,1,538,1,538,1,468,1,520,4,000,1,520
2015/09/10,1,520,1,520,1,420,1,480,2,600,1,480
2015/09/11,1,485,1,485,1,485,1,485,100,1,485
2015/09/14,1,485,1,485,1,485,1,485,300,1,485
2015/09/15,1,485,1,485,1,465,1,485,500,1,485
2015/09/17,1,483,1,483,1,483,1,483,300,1,483
2015/09/18,1,484,1,484,1,484,1,484,100,1,484
2015/09/24,1,484,1,484,1,484,1,484,100,1,484
2015/09/25,1,484,1,484,1,484,1,484,100,1,484
