2011/06/06,21,000,21,000,19,900,19,900,94,199
2011/06/09,20,300,20,800,20,000,20,800,45,208
2011/06/14,22,300,23,300,22,000,23,000,97,230
2011/06/15,22,500,23,000,22,030,23,000,115,230
2011/06/17,22,210,22,220,20,500,22,000,74,220
2011/06/21,22,970,23,400,22,610,23,200,68,232
2011/06/22,23,300,23,800,22,800,23,300,26,233
2011/06/23,23,790,23,790,22,500,23,300,34,233
2011/06/24,23,300,23,300,22,500,23,000,39,230
2011/06/27,23,000,23,970,22,600,23,200,69,232
2011/06/29,28,850,28,850,25,000,25,000,2,082,250
2011/06/30,25,210,30,000,24,500,25,000,1,141,250
2015/08/24,340,365,294,300,339,500,300
2015/08/25,298,326,270,295,336,800,295
2015/08/26,324,329,304,328,118,800,328
2015/08/27,329,360,324,342,230,600,342
2015/08/28,347,381,345,374,242,400,374
2015/08/31,350,365,343,358,189,100,358
2015/09/01,353,430,335,353,442,300,353
2015/09/02,343,425,339,394,787,400,394
2015/09/03,434,474,425,474,1,506,700,474
2015/09/04,458,495,426,475,1,049,700,475
2015/09/07,456,485,442,455,425,000,455
2015/09/08,487,531,473,507,1,666,500,507
2015/09/09,521,581,521,562,1,396,500,562
2015/09/10,569,622,536,542,2,260,500,542
2015/09/11,502,530,478,498,1,010,600,498
2015/09/14,496,498,437,448,631,600,448
2015/09/15,461,468,430,430,427,200,430
2015/09/16,438,448,401,420,369,200,420
2015/09/17,426,444,420,422,261,600,422
2015/09/18,414,423,405,416,161,100,416
2015/09/24,410,416,391,394,148,800,394
2015/09/25,386,403,381,399,156,700,399
2015/09/28,413,417,405,416,102,300,416
2015/09/29,405,409,399,401,81,200,401
2015/09/30,401,468,401,436,1,170,600,436
2015/10/01,439,464,423,441,394,300,441
2015/10/02,447,468,441,455,239,300,455
2015/10/05,463,477,457,470,272,700,470
2015/10/06,473,480,450,454,243,200,454
2015/10/07,447,469,440,465,254,000,465
2015/10/08,463,465,450,453,111,200,453
2015/10/09,454,454,431,439,137,700,439
