2011/06/09,4,490,4,800,4,100,4,100,8,167,41
2011/06/13,4,100,4,145,3,975,4,000,1,249,40
2011/06/21,4,070,4,080,3,965,4,000,280,40
2011/06/23,4,050,4,050,4,000,4,000,155,40
2011/06/29,3,950,4,025,3,950,4,000,144,40
2015/08/24,386,400,365,370,759,200,370
2015/08/25,322,400,320,365,830,900,365
2015/08/26,359,397,359,395,441,900,395
2015/08/27,385,410,385,397,419,100,397
2015/08/28,405,477,405,477,1,733,500,477
2015/08/31,505,526,478,505,1,885,400,505
2015/09/01,605,605,605,605,197,500,605
2015/09/02,600,694,581,667,12,313,900,667
2015/09/03,697,703,637,651,4,278,100,651
2015/09/04,641,641,551,559,2,850,000,559
2015/09/07,548,575,515,539,1,558,100,539
2015/09/08,556,559,495,498,989,700,498
2015/09/09,530,551,512,534,1,112,200,534
2015/09/10,497,517,491,512,895,900,512
2015/09/11,502,520,501,504,581,400,504
2015/09/14,503,508,462,463,812,400,463
2015/09/15,460,477,450,455,453,100,455
2015/09/16,458,464,442,445,296,800,445
2015/09/17,449,449,429,436,355,100,436
2015/09/18,441,514,435,503,2,731,600,503
2015/09/24,487,488,445,455,544,000,455
2015/09/25,447,478,445,461,309,000,461
2015/09/28,469,470,445,451,262,200,451
2015/09/29,450,450,430,433,277,300,433
2015/09/30,437,443,420,437,304,400,437
2015/10/01,437,443,426,437,211,900,437
2015/10/02,433,483,427,452,718,700,452
2015/10/05,448,461,445,448,325,300,448
2015/10/06,452,468,450,451,317,000,451
2015/10/07,449,460,448,451,231,500,451
2015/10/08,453,477,451,475,495,700,475
2015/10/09,467,478,462,468,312,700,468
