2011/04/01,66,000,66,000,66,000,66,000,2,330
2011/04/05,66,000,66,000,66,000,66,000,2,330
2011/04/06,65,000,65,000,65,000,65,000,3,325
2011/04/07,67,000,67,000,66,000,66,000,2,330
2011/04/08,66,000,68,000,66,000,66,000,8,330
2011/04/11,66,000,66,000,66,000,66,000,3,330
2011/04/12,66,000,66,000,66,000,66,000,3,330
2011/04/14,68,000,68,000,65,000,65,000,6,325
2011/04/19,66,000,66,000,66,000,66,000,3,330
2011/04/20,66,000,66,000,66,000,66,000,3,330
2011/04/21,66,000,66,000,66,000,66,000,3,330
2011/04/22,66,000,66,000,66,000,66,000,2,330
2011/04/25,67,000,67,000,66,000,66,000,5,330
2011/05/02,66,000,66,000,66,000,66,000,5,330
2011/06/01,65,000,65,000,65,000,65,000,2,325
2015/08/20,1,200,1,205,1,200,1,201,1,100,1,201
2015/08/21,1,150,1,198,1,150,1,198,4,900,1,198
2015/08/24,1,150,1,220,1,150,1,200,4,200,1,200
2015/08/25,1,150,1,199,1,070,1,196,5,600,1,196
2015/08/26,1,200,1,200,1,200,1,200,100,1,200
2015/08/27,1,210,1,220,1,190,1,190,6,000,1,190
2015/08/28,1,185,1,215,1,185,1,211,400,1,211
2015/08/31,1,240,1,240,1,208,1,234,2,900,1,234
2015/09/01,1,229,1,229,1,226,1,226,200,1,226
2015/09/02,1,200,1,211,1,160,1,211,1,400,1,211
2015/09/03,1,218,1,233,1,168,1,170,6,000,1,170
2015/09/04,1,170,1,170,1,150,1,170,700,1,170
2015/09/07,1,150,1,180,1,150,1,179,800,1,179
2015/09/08,1,150,1,180,1,150,1,180,700,1,180
2015/09/09,1,189,1,200,1,188,1,200,800,1,200
2015/09/11,1,200,1,200,1,150,1,190,2,500,1,190
2015/09/14,1,185,1,203,1,171,1,203,42,000,1,203
2015/09/15,1,209,1,224,1,209,1,220,1,900,1,220
2015/09/17,1,220,1,220,1,181,1,181,600,1,181
2015/09/18,1,196,1,219,1,196,1,219,1,200,1,219
2015/09/24,1,249,1,249,1,201,1,201,2,500,1,201
2015/09/25,1,201,1,201,1,181,1,201,300,1,201
2015/09/28,1,180,1,218,1,180,1,218,300,1,218
2015/09/29,1,188,1,191,1,180,1,191,700,1,191
2015/09/30,1,199,1,200,1,199,1,200,400,1,200
2015/10/01,1,220,1,220,1,220,1,220,500,1,220
2015/10/02,1,192,1,199,1,181,1,199,600,1,199
2015/10/06,1,182,1,182,1,182,1,182,100,1,182
2015/10/07,1,182,1,182,1,182,1,182,100,1,182
2015/10/09,1,181,1,181,1,181,1,181,100,1,181
