2015/08/24,445,446,412,414,222,400,414
2015/08/25,388,434,380,396,247,400,396
2015/08/26,404,418,404,411,135,700,411
2015/08/27,413,433,413,422,133,000,422
2015/08/28,415,433,412,426,224,900,426
2015/08/31,423,426,417,424,76,800,424
2015/09/01,420,420,405,407,85,000,407
2015/09/02,399,409,390,390,146,800,390
2015/09/03,393,404,392,393,77,800,393
2015/09/04,393,395,381,383,111,000,383
2015/09/07,380,389,378,381,53,200,381
2015/09/08,386,395,385,387,66,300,387
2015/09/09,467,467,467,467,69,000,467
2015/09/10,547,547,547,547,41,400,547
2015/09/11,647,647,647,647,61,400,647
2015/09/14,847,847,847,847,74,800,847
2015/09/15,911,912,908,911,5,740,100,911
2015/09/16,911,912,911,911,1,393,700,911
2015/09/17,912,912,911,912,746,900,912
2015/09/18,912,913,911,911,1,285,400,911
2015/09/24,913,913,911,912,675,900,912
2015/09/25,912,913,912,913,458,600,913
