2011/06/07,30,500,31,500,30,050,31,300,580,313
2011/06/10,30,100,31,200,30,100,30,700,375,307
2011/06/13,30,100,30,600,29,800,30,000,415,300
2011/06/14,30,500,30,500,29,800,30,200,263,302
2011/06/15,30,600,30,700,29,700,29,900,808,299
2011/06/16,29,900,30,100,29,500,29,800,476,298
2011/06/17,29,810,30,300,29,290,29,400,513,294
2011/06/22,28,500,31,800,28,500,30,800,2,242,308
2011/06/23,31,000,31,700,29,800,30,100,940,301
2011/06/24,29,850,30,950,29,110,30,600,1,335,306
2011/06/27,31,300,31,400,29,970,30,300,668,303
2011/06/28,30,800,31,100,29,820,30,000,1,125,300
2011/06/29,30,500,33,300,30,050,32,200,3,000,322
2011/06/30,32,000,32,400,30,750,31,100,1,514,311
2015/08/24,501,518,430,441,554,100,441
2015/08/25,409,483,370,422,811,700,422
2015/08/26,438,500,435,499,589,000,499
2015/08/27,502,577,502,525,1,055,100,525
2015/08/28,610,625,604,625,521,700,625
2015/08/31,605,617,572,578,1,556,300,578
2015/09/01,618,678,606,614,3,610,700,614
2015/09/02,584,620,569,575,1,085,000,575
2015/09/03,592,598,540,550,490,900,550
2015/09/04,560,560,489,523,513,100,523
2015/09/07,503,528,482,502,317,000,502
2015/09/08,492,510,480,480,244,100,480
2015/09/09,514,526,500,519,310,900,519
2015/09/10,513,528,492,513,314,100,513
2015/09/11,493,526,493,513,309,200,513
2015/09/14,509,519,492,492,204,800,492
2015/09/15,491,509,487,489,120,800,489
2015/09/16,497,499,482,482,124,200,482
2015/09/17,482,500,459,490,342,400,490
2015/09/18,482,494,473,481,99,900,481
2015/09/24,468,472,455,457,130,800,457
2015/09/25,450,465,450,457,92,400,457
2015/09/28,460,469,452,457,61,600,457
2015/09/29,465,465,442,443,93,100,443
2015/09/30,445,453,425,436,121,500,436
2015/10/01,448,457,435,448,109,700,448
2015/10/02,450,512,437,495,823,600,495
2015/10/05,495,497,476,481,179,600,481
2015/10/06,484,491,472,472,140,000,472
2015/10/07,464,478,460,471,105,900,471
2015/10/08,469,475,463,467,80,900,467
2015/10/09,463,467,456,461,107,100,461
