2011/06/03,103,500,104,500,102,800,103,800,179,1,038
2011/06/06,102,800,103,200,102,800,102,900,34,1,029
2011/06/07,102,900,104,000,102,500,103,900,58,1,039
2011/06/08,103,000,108,900,103,000,107,500,330,1,075
2011/06/09,106,500,109,600,106,200,109,600,446,1,096
2011/06/10,110,000,111,300,108,800,110,900,358,1,109
2011/06/13,108,700,110,500,107,300,108,200,127,1,082
2011/06/14,109,600,109,600,107,300,108,300,70,1,083
2011/06/15,109,500,109,500,107,700,108,500,130,1,085
2011/06/16,107,500,109,500,107,000,107,600,113,1,076
2011/06/17,110,000,110,000,105,900,106,100,172,1,061
2011/06/20,104,700,106,000,102,800,103,900,216,1,039
2011/06/21,104,500,105,700,103,700,105,000,116,1,050
2011/06/22,104,500,105,800,104,500,105,500,160,1,055
2011/06/23,104,100,105,000,104,100,104,300,137,1,043
2011/06/24,105,700,105,700,104,700,105,400,92,1,054
2011/06/27,106,000,106,000,104,200,106,000,31,1,060
2011/06/28,105,000,106,100,103,400,104,000,258,1,040
2011/06/29,104,200,105,300,103,200,105,300,149,1,053
2011/06/30,105,300,105,400,104,200,104,900,63,1,049
2015/08/24,1,265,1,299,1,255,1,262,7,100,1,262
2015/08/25,1,148,1,247,1,140,1,230,9,100,1,230
2015/08/26,1,289,1,289,1,225,1,230,4,800,1,230
2015/08/27,1,245,1,262,1,211,1,241,5,200,1,241
2015/08/28,1,250,1,320,1,235,1,320,5,100,1,320
2015/08/31,1,298,1,384,1,270,1,384,4,800,1,384
2015/09/01,1,354,1,359,1,298,1,319,4,500,1,319
2015/09/02,1,347,1,347,1,287,1,320,5,100,1,320
2015/09/03,1,290,1,308,1,280,1,289,2,500,1,289
2015/09/04,1,310,1,310,1,272,1,290,900,1,290
2015/09/07,1,275,1,284,1,256,1,256,900,1,256
2015/09/08,1,290,1,345,1,280,1,290,65,200,1,290
2015/09/09,1,271,1,310,1,271,1,271,5,100,1,271
2015/09/10,1,290,1,304,1,289,1,290,3,000,1,290
2015/09/11,1,272,1,289,1,272,1,278,1,000,1,278
2015/09/14,1,297,1,298,1,293,1,298,1,400,1,298
2015/09/15,1,290,1,290,1,279,1,279,800,1,279
2015/09/16,1,272,1,289,1,272,1,289,300,1,289
2015/09/17,1,321,1,321,1,280,1,305,38,200,1,305
2015/09/18,1,282,1,298,1,280,1,280,4,300,1,280
2015/09/24,1,278,1,305,1,269,1,288,2,500,1,288
2015/09/25,1,307,1,310,1,264,1,305,16,100,1,305
