2011/05/10,298,298,298,298,400,149
2011/05/13,290,290,282,282,200,141
2011/05/16,266,266,266,266,1,000,133
2011/05/20,290,290,266,270,1,700,135
2011/06/06,290,290,290,290,1,200,145
2011/06/10,290,290,290,290,100,145
2011/06/13,290,290,290,290,600,145
2011/06/22,305,305,300,300,400,150
2011/06/24,320,320,310,310,2,100,155
2011/06/27,318,318,318,318,100,159
2011/06/29,314,314,314,314,300,157
2015/08/24,1,000,1,017,938,940,25,900,940
2015/08/25,830,949,802,820,37,200,820
2015/08/26,895,908,880,890,5,800,890
2015/08/27,959,975,953,953,7,300,953
2015/08/28,955,1,103,955,1,103,48,800,1,103
2015/08/31,1,082,1,200,1,075,1,182,21,200,1,182
2015/09/01,1,160,1,167,1,000,1,062,14,800,1,062
2015/09/02,982,1,113,982,1,113,10,400,1,113
2015/09/03,1,101,1,130,1,060,1,085,6,400,1,085
2015/09/04,1,100,1,113,1,018,1,090,8,500,1,090
2015/09/07,970,972,889,901,59,500,901
2015/09/08,901,928,894,894,10,400,894
2015/09/09,932,932,900,926,8,900,926
2015/09/10,929,929,895,900,6,800,900
2015/09/11,911,916,905,910,1,900,910
2015/09/14,910,939,910,924,5,300,924
2015/09/15,930,930,910,930,2,600,930
2015/09/16,917,917,897,901,5,800,901
2015/09/17,924,924,880,911,8,500,911
2015/09/18,919,919,888,890,3,000,890
2015/09/24,914,914,843,899,7,300,899
2015/09/25,901,901,886,890,3,800,890
2015/09/28,890,890,860,880,2,500,880
2015/09/29,899,899,824,845,4,600,845
2015/09/30,889,890,862,865,3,200,865
2015/10/01,889,901,855,897,7,100,897
2015/10/02,910,918,887,918,5,700,918
2015/10/05,930,950,913,925,7,800,925
2015/10/06,936,956,935,938,2,600,938
2015/10/07,937,949,932,932,2,800,932
