2011/06/03,142,000,142,000,135,000,135,800,1,138,1,358
2011/06/06,138,400,139,000,133,800,136,000,971,1,360
2011/06/07,134,500,137,700,131,800,133,200,1,063,1,332
2011/06/08,134,500,142,000,132,700,140,600,1,819,1,406
2011/06/09,139,000,142,300,135,600,139,700,1,522,1,397
2011/06/10,140,000,142,500,136,600,136,600,1,028,1,366
2011/06/13,133,900,135,200,133,000,133,300,738,1,333
2011/06/14,133,000,134,500,129,200,130,400,1,217,1,304
2011/06/15,131,400,132,000,127,800,128,900,953,1,289
2011/06/16,127,000,127,000,123,400,124,000,1,352,1,240
2011/06/17,124,000,154,000,122,600,142,100,9,627,1,421
2011/06/20,147,000,150,000,134,200,135,000,4,107,1,350
2011/06/21,134,400,134,900,129,000,131,400,1,706,1,314
2011/06/22,132,500,135,100,130,300,131,000,1,984,1,310
2011/06/23,131,000,131,800,126,000,126,100,1,474,1,261
2011/06/24,126,500,130,500,124,000,126,400,2,169,1,264
2011/06/27,125,700,130,000,124,600,124,800,1,317,1,248
2011/06/28,130,000,134,800,126,400,129,000,4,952,1,290
2011/06/29,131,000,131,600,126,100,126,800,2,598,1,268
2011/06/30,127,500,128,400,126,100,126,300,1,073,1,263
2015/08/24,885,925,828,831,251,600,831
2015/08/25,796,885,760,808,207,600,808
2015/08/26,838,877,835,872,91,300,872
2015/08/27,900,920,881,898,91,900,898
2015/08/28,925,969,910,953,114,500,953
2015/08/31,946,996,930,983,121,500,983
2015/09/01,970,1,035,966,986,155,900,986
2015/09/02,945,1,007,944,971,87,100,971
2015/09/03,1,010,1,018,965,969,63,600,969
2015/09/04,959,965,865,900,125,600,900
2015/09/07,875,914,861,870,126,800,870
2015/09/08,871,889,823,836,68,100,836
2015/09/09,865,903,853,903,50,800,903
2015/09/10,880,915,872,914,33,100,914
2015/09/11,899,947,899,920,46,100,920
2015/09/14,930,934,888,903,37,600,903
2015/09/15,899,904,870,874,28,200,874
2015/09/16,900,900,860,865,39,200,865
2015/09/17,867,895,867,885,28,600,885
2015/09/18,875,882,869,870,24,400,870
2015/09/24,863,863,840,840,20,000,840
2015/09/25,845,868,835,850,20,300,850
2015/09/28,855,890,852,890,13,800,890
2015/09/29,860,870,840,840,37,700,840
2015/09/30,864,875,852,871,10,500,871
2015/10/01,882,918,875,903,32,400,903
2015/10/02,893,914,875,907,27,800,907
2015/10/05,925,1,057,925,1,057,159,400,1,057
2015/10/06,1,040,1,120,1,035,1,092,333,000,1,092
2015/10/07,1,071,1,082,1,037,1,080,91,200,1,080
2015/10/08,1,090,1,165,1,083,1,129,190,000,1,129
