2011/06/03,126,127,123,124,741,000,124
2011/06/06,129,134,127,131,7,603,000,131
2011/06/07,133,137,130,136,7,803,000,136
2011/06/08,137,139,133,133,4,316,000,133
2011/06/09,133,137,133,136,2,526,000,136
2011/06/10,137,138,133,135,2,356,000,135
2011/06/13,135,143,134,143,5,401,000,143
2011/06/14,142,145,141,141,4,255,000,141
2011/06/15,143,145,139,142,3,529,000,142
2011/06/16,141,143,138,139,1,572,000,139
2011/06/17,140,141,132,135,2,062,000,135
2011/06/20,136,136,134,135,589,000,135
2011/06/21,135,139,135,138,1,275,000,138
2011/06/22,139,141,137,140,1,379,000,140
2011/06/23,139,140,137,137,984,000,137
2011/06/24,138,138,135,138,630,000,138
2011/06/27,138,138,134,134,503,000,134
2011/06/28,136,136,133,134,689,000,134
2011/06/29,134,135,131,133,717,000,133
2011/06/30,134,135,132,135,459,000,135
2015/08/24,140,143,131,131,1,142,000,131
2015/08/25,124,134,120,123,1,880,000,123
2015/08/26,126,130,125,128,833,000,128
2015/08/27,131,132,128,128,490,000,128
2015/08/28,132,138,131,137,782,000,137
2015/08/31,137,138,135,138,623,000,138
2015/09/01,137,137,132,133,690,000,133
2015/09/02,129,135,129,133,606,000,133
2015/09/03,134,135,131,131,429,000,131
2015/09/04,131,131,127,128,392,000,128
2015/09/07,127,129,125,127,373,000,127
2015/09/08,127,127,125,125,289,000,125
2015/09/09,129,131,127,131,508,000,131
2015/09/10,129,130,127,129,370,000,129
2015/09/11,129,132,129,130,311,000,130
2015/09/14,131,132,129,129,249,000,129
2015/09/15,129,132,129,129,269,000,129
2015/09/16,131,131,128,130,556,000,130
2015/09/17,130,131,128,131,254,000,131
2015/09/18,130,130,128,128,145,000,128
2015/09/24,127,127,124,124,344,000,124
2015/09/25,126,128,124,128,394,000,128
2015/09/28,128,128,126,128,272,000,128
2015/09/29,126,126,124,124,323,000,124
2015/09/30,125,126,125,125,230,000,125
2015/10/01,125,129,125,127,257,000,127
2015/10/02,128,129,126,127,147,000,127
2015/10/05,128,130,128,130,104,000,130
2015/10/06,132,133,131,132,159,000,132
2015/10/07,132,133,130,133,175,000,133
2015/10/08,133,134,132,133,140,000,133
