2011/06/03,368,377,368,369,971,000,369
2011/06/06,364,364,356,358,803,000,358
2011/06/07,358,364,357,361,400,000,361
2011/06/08,360,364,357,362,222,000,362
2011/06/09,358,359,353,355,277,000,355
2011/06/10,358,367,357,361,637,000,361
2011/06/13,361,362,360,362,280,000,362
2011/06/14,361,367,360,365,310,000,365
2011/06/15,366,368,364,368,237,000,368
2011/06/16,362,370,362,367,446,000,367
2011/06/17,369,378,368,376,875,000,376
2011/06/20,387,398,385,389,919,000,389
2011/06/21,385,394,382,387,755,000,387
2011/06/22,388,388,384,388,402,000,388
2011/06/23,385,389,385,386,227,000,386
2011/06/24,392,392,384,387,363,000,387
2011/06/27,385,385,380,383,233,000,383
2011/06/28,390,393,386,388,293,000,388
2011/06/29,389,393,389,392,342,000,392
2011/06/30,393,394,388,394,462,000,394
2015/08/24,429,436,423,423,1,353,000,423
2015/08/25,419,425,405,406,2,018,000,406
2015/08/26,407,417,402,412,1,546,000,412
2015/08/27,425,430,415,415,1,215,000,415
2015/08/28,422,439,422,436,1,525,000,436
2015/08/31,433,436,427,428,980,000,428
2015/09/01,423,425,415,415,680,000,415
2015/09/02,410,413,406,407,1,157,000,407
2015/09/03,411,421,411,413,854,000,413
2015/09/04,417,421,409,414,977,000,414
2015/09/07,410,412,402,406,981,000,406
2015/09/08,403,416,403,410,621,000,410
2015/09/09,421,428,418,428,913,000,428
2015/09/10,420,433,414,431,752,000,431
2015/09/11,423,432,423,426,599,000,426
2015/09/14,430,430,418,421,497,000,421
2015/09/15,421,428,421,424,453,000,424
2015/09/16,428,438,424,435,723,000,435
2015/09/17,438,443,433,437,657,000,437
2015/09/18,435,441,430,440,756,000,440
2015/09/24,431,435,429,433,830,000,433
2015/09/25,435,439,429,439,794,000,439
2015/09/28,422,423,410,413,1,639,000,413
2015/09/29,409,409,400,403,1,204,000,403
2015/09/30,405,430,405,429,1,766,000,429
2015/10/01,430,444,428,439,1,394,000,439
2015/10/02,435,444,433,439,860,000,439
2015/10/05,442,448,437,445,646,000,445
2015/10/06,450,455,444,447,767,000,447
2015/10/07,446,457,446,454,900,000,454
2015/10/08,453,458,448,456,733,000,456
