2011/06/03,171,172,167,168,285,000,168
2011/06/06,167,168,166,166,185,000,166
2011/06/07,166,167,166,166,191,000,166
2011/06/08,168,168,166,168,133,000,168
2011/06/09,166,169,166,169,104,000,169
2011/06/10,170,171,169,170,183,000,170
2011/06/13,170,170,166,168,128,000,168
2011/06/14,169,172,169,171,127,000,171
2011/06/15,172,172,170,171,157,000,171
2011/06/16,169,170,169,169,164,000,169
2011/06/17,170,171,167,171,187,000,171
2011/06/20,170,171,168,169,108,000,169
2011/06/21,169,174,169,174,165,000,174
2011/06/22,174,177,174,177,260,000,177
2011/06/23,176,176,173,174,182,000,174
2011/06/24,175,177,174,176,198,000,176
2011/06/27,175,177,175,175,178,000,175
2011/06/28,177,177,175,176,125,000,176
2011/06/29,178,179,178,179,110,000,179
2011/06/30,180,182,179,180,178,000,180
2015/08/24,294,301,275,276,3,370,000,276
2015/08/25,268,292,261,266,3,237,000,266
2015/08/26,285,285,275,283,1,728,000,283
2015/08/27,286,291,282,289,1,555,000,289
2015/08/28,296,309,295,301,1,921,000,301
2015/08/31,305,317,300,317,2,729,000,317
2015/09/01,314,325,299,301,4,128,000,301
2015/09/02,293,305,288,297,1,870,000,297
2015/09/03,303,306,293,294,1,042,000,294
2015/09/04,292,295,269,276,2,103,000,276
2015/09/07,277,284,269,274,1,221,000,274
2015/09/08,274,277,269,269,945,000,269
2015/09/09,278,282,273,282,1,102,000,282
2015/09/10,276,282,269,281,790,000,281
2015/09/11,280,287,277,285,636,000,285
2015/09/14,287,288,273,273,694,000,273
2015/09/15,275,279,272,273,609,000,273
2015/09/16,278,278,269,270,440,000,270
2015/09/17,272,278,270,277,378,000,277
2015/09/18,276,276,270,271,414,000,271
2015/09/24,271,271,264,264,628,000,264
2015/09/25,266,268,258,265,673,000,265
2015/09/28,264,276,262,272,616,000,272
2015/09/29,265,265,246,249,1,059,000,249
2015/09/30,251,256,250,253,464,000,253
2015/10/01,254,259,251,257,490,000,257
2015/10/02,254,262,254,262,331,000,262
2015/10/05,265,275,264,274,562,000,274
2015/10/06,275,278,267,268,571,000,268
2015/10/07,268,273,266,270,273,000,270
2015/10/08,271,272,263,265,345,000,265
