2011/06/08,320,379,300,300,24,100,250
2011/06/13,300,300,299,300,2,400,250
2011/06/14,300,300,297,300,2,200,250
2015/08/24,1,000,1,006,890,920,22,900,920
2015/08/25,860,980,835,900,17,900,900
2015/08/26,902,989,900,950,5,500,950
2015/08/27,965,1,010,965,982,6,500,982
2015/08/28,999,1,015,992,993,4,100,993
2015/08/31,1,008,1,015,1,006,1,013,2,600,1,013
2015/09/01,971,1,002,971,1,001,700,1,001
2015/09/02,980,1,037,980,992,2,300,992
2015/09/03,1,000,1,037,999,1,027,3,300,1,027
2015/09/04,1,000,1,030,980,1,005,7,100,1,005
2015/09/07,975,995,960,992,3,400,992
2015/09/08,976,997,974,974,2,100,974
2015/09/09,974,1,029,974,1,018,3,500,1,018
2015/09/10,1,008,1,017,987,1,017,1,500,1,017
2015/09/11,1,020,1,034,1,020,1,033,57,700,1,033
2015/09/14,1,017,1,035,1,017,1,035,55,600,1,035
2015/09/15,1,034,1,056,1,024,1,053,2,700,1,053
2015/09/16,1,068,1,098,1,050,1,075,5,900,1,075
2015/09/17,1,052,1,093,1,052,1,093,3,500,1,093
2015/09/18,1,104,1,109,1,090,1,097,67,000,1,097
2015/09/24,1,100,1,100,1,045,1,063,4,500,1,063
2015/09/25,1,089,1,089,1,050,1,065,2,800,1,065
2015/09/28,1,080,1,080,1,048,1,048,3,200,1,048
2015/09/29,1,078,1,078,1,035,1,045,1,900,1,045
2015/09/30,1,049,1,065,1,035,1,048,3,600,1,048
2015/10/01,1,051,1,070,1,051,1,057,2,600,1,057
2015/10/02,1,079,1,079,1,017,1,049,4,700,1,049
2015/10/05,1,055,1,063,1,033,1,056,1,100,1,056
2015/10/06,1,050,1,050,1,027,1,027,2,300,1,027
2015/10/07,1,030,1,040,1,030,1,040,900,1,040
