2011/06/01,83,200,84,400,81,500,84,400,53,844
2011/06/06,83,000,83,000,83,000,83,000,5,830
2011/06/07,83,500,83,500,83,500,83,500,1,835
2011/06/08,83,500,84,900,83,500,84,900,2,849
2011/06/09,83,000,83,000,83,000,83,000,1,830
2011/06/10,83,000,83,000,83,000,83,000,8,830
2011/06/13,81,700,82,900,81,700,82,900,3,829
2011/06/14,82,100,83,000,82,100,83,000,11,830
2011/06/15,82,400,82,400,82,400,82,400,2,824
2011/06/16,82,200,82,200,82,200,82,200,2,822
2011/06/17,83,000,83,000,83,000,83,000,13,830
2011/06/20,83,600,84,500,83,600,84,500,6,845
2011/06/21,85,000,85,500,84,000,84,000,15,840
2011/06/22,85,500,86,000,85,500,86,000,8,860
2011/06/23,86,000,86,500,86,000,86,500,9,865
2011/06/24,85,500,86,500,85,500,86,500,19,865
2011/06/27,86,500,86,900,85,200,86,700,45,867
2011/06/28,87,500,87,900,87,500,87,900,3,879
2011/06/29,88,000,88,500,88,000,88,500,5,885
2011/06/30,89,000,92,500,89,000,92,500,25,925
2015/08/24,1,509,1,580,1,509,1,534,10,000,1,534
2015/08/25,1,534,1,534,1,420,1,529,6,000,1,529
2015/08/26,1,470,1,528,1,460,1,471,1,600,1,471
2015/08/27,1,499,1,499,1,498,1,499,800,1,499
2015/08/28,1,520,1,520,1,456,1,502,2,800,1,502
2015/08/31,1,490,1,490,1,470,1,477,600,1,477
2015/09/01,1,447,1,462,1,403,1,427,4,700,1,427
2015/09/02,1,497,1,497,1,441,1,442,2,400,1,442
2015/09/03,1,450,1,470,1,442,1,470,3,800,1,470
2015/09/04,1,460,1,470,1,450,1,470,1,200,1,470
2015/09/07,1,455,1,455,1,395,1,455,900,1,455
2015/09/08,1,455,1,455,1,417,1,418,2,100,1,418
2015/09/09,1,448,1,448,1,380,1,430,5,600,1,430
2015/09/10,1,431,1,444,1,430,1,432,1,300,1,432
2015/09/11,1,446,1,455,1,435,1,455,900,1,455
2015/09/14,1,489,1,489,1,489,1,489,200,1,489
2015/09/15,1,489,1,489,1,489,1,489,400,1,489
2015/09/16,1,490,1,490,1,460,1,460,400,1,460
2015/09/17,1,460,1,491,1,460,1,474,400,1,474
2015/09/18,1,480,1,480,1,470,1,470,700,1,470
2015/09/24,1,460,1,471,1,460,1,470,1,000,1,470
2015/09/25,1,484,1,484,1,424,1,454,6,300,1,454
2015/09/28,1,497,1,497,1,454,1,454,500,1,454
2015/09/29,1,490,1,490,1,490,1,490,200,1,490
2015/09/30,1,499,1,500,1,495,1,500,1,300,1,500
2015/10/01,1,500,1,500,1,500,1,500,100,1,500
2015/10/02,1,522,1,522,1,500,1,500,400,1,500
2015/10/05,1,487,1,510,1,487,1,510,1,800,1,510
2015/10/06,1,511,1,519,1,509,1,509,600,1,509
2015/10/07,1,521,1,521,1,521,1,521,100,1,521
2015/10/08,1,533,1,533,1,533,1,533,200,1,533
