2011/05/27,558,569,558,569,1,300,569
2011/05/30,573,586,569,586,5,500,586
2011/05/31,580,586,580,586,2,000,586
2011/06/01,586,590,586,590,1,800,590
2011/06/02,593,649,593,647,16,100,647
2011/06/03,644,644,600,600,22,600,600
2011/06/06,619,619,600,600,200,600
2011/06/07,600,606,570,606,800,606
2011/06/08,614,614,614,614,100,614
2011/06/10,594,594,594,594,100,594
2011/06/13,582,583,582,583,400,583
2011/06/14,583,583,572,572,400,572
2011/06/15,572,589,572,589,200,589
2011/06/21,583,583,583,583,100,583
2011/06/22,570,570,569,570,2,700,570
2011/06/24,560,598,560,598,4,200,598
2011/06/27,597,597,590,590,4,700,590
2011/06/28,589,589,571,589,700,589
2011/06/29,584,584,582,584,300,584
2011/06/30,577,577,574,576,1,700,576
2015/08/24,775,787,751,760,25,500,760
2015/08/25,702,785,699,720,16,000,720
2015/08/26,730,750,730,740,9,300,740
2015/08/27,770,770,755,765,4,100,765
2015/08/28,773,789,766,778,13,500,778
2015/08/31,787,795,776,795,2,800,795
2015/09/01,780,780,741,761,12,000,761
2015/09/02,746,773,746,755,1,900,755
2015/09/03,742,753,742,742,5,200,742
2015/09/04,754,755,721,721,5,900,721
2015/09/07,721,732,700,708,8,400,708
2015/09/08,709,712,706,709,2,500,709
2015/09/09,716,730,716,730,4,800,730
2015/09/10,730,734,722,731,2,100,731
2015/09/11,727,742,727,742,3,400,742
2015/09/14,755,755,741,742,3,100,742
2015/09/15,748,752,748,750,4,400,750
2015/09/16,752,761,752,752,1,000,752
2015/09/17,752,772,752,772,1,600,772
2015/09/18,769,769,760,769,500,769
2015/09/24,769,769,764,768,10,900,768
2015/09/25,768,768,750,762,3,500,762
2015/09/28,762,779,762,765,7,000,765
2015/09/29,765,765,748,763,1,800,763
2015/09/30,760,770,745,770,7,100,770
2015/10/01,773,774,760,769,1,800,769
2015/10/02,772,777,760,774,6,700,774
2015/10/05,774,776,766,776,1,500,776
2015/10/06,776,776,768,775,2,200,775
2015/10/07,775,775,770,770,600,770
