2011/06/03,2,177,2,198,2,149,2,155,862,000,2,155
2011/06/06,2,156,2,157,2,107,2,109,745,500,2,109
2011/06/07,2,110,2,133,2,099,2,128,660,700,2,128
2011/06/08,2,119,2,133,2,042,2,065,2,033,900,2,065
2011/06/09,2,060,2,103,2,054,2,096,1,005,800,2,096
2011/06/10,2,118,2,158,2,101,2,121,3,091,800,2,121
2011/06/13,2,113,2,113,2,075,2,091,776,400,2,091
2011/06/14,2,091,2,143,2,082,2,128,644,700,2,128
2011/06/15,2,143,2,161,2,108,2,112,540,000,2,112
2011/06/16,2,085,2,100,2,066,2,078,554,900,2,078
2011/06/17,2,099,2,109,2,050,2,072,1,133,700,2,072
2011/06/20,2,073,2,100,2,059,2,065,685,200,2,065
2011/06/21,2,082,2,115,2,066,2,106,1,277,900,2,106
2011/06/22,2,133,2,203,2,120,2,188,1,437,800,2,188
2011/06/23,2,189,2,232,2,174,2,205,1,263,700,2,205
2011/06/24,2,229,2,262,2,218,2,258,1,136,300,2,258
2011/06/27,2,240,2,248,2,194,2,201,848,300,2,201
2011/06/28,2,233,2,249,2,208,2,225,717,700,2,225
2011/06/29,2,262,2,294,2,249,2,294,957,700,2,294
2011/06/30,2,378,2,407,2,346,2,370,2,193,100,2,370
2015/08/24,6,100,6,210,5,930,5,950,2,160,600,5,950
2015/08/25,5,700,6,000,5,600,5,630,3,477,800,5,630
2015/08/26,5,650,5,980,5,650,5,940,1,775,200,5,940
2015/08/27,6,040,6,100,5,940,5,990,1,204,700,5,990
2015/08/28,6,170,6,330,6,160,6,320,1,262,900,6,320
2015/08/31,6,220,6,300,6,140,6,220,981,100,6,220
2015/09/01,6,100,6,120,5,890,5,890,1,350,900,5,890
2015/09/02,5,840,6,060,5,830,5,880,1,179,500,5,880
2015/09/03,5,950,6,010,5,890,5,910,870,000,5,910
2015/09/04,5,820,5,850,5,660,5,720,1,192,200,5,720
2015/09/07,5,640,5,740,5,540,5,690,1,009,400,5,690
2015/09/08,5,730,5,820,5,650,5,700,1,693,000,5,700
2015/09/09,5,900,6,310,5,880,6,310,2,781,900,6,310
2015/09/10,6,110,6,260,6,090,6,200,1,208,900,6,200
2015/09/11,6,230,6,320,6,220,6,270,2,569,400,6,270
2015/09/14,6,350,6,350,6,180,6,190,894,200,6,190
2015/09/15,6,210,6,340,6,190,6,280,1,202,200,6,280
2015/09/16,6,340,6,370,6,240,6,320,774,700,6,320
2015/09/17,6,380,6,380,6,270,6,340,619,100,6,340
2015/09/18,6,320,6,330,6,200,6,200,1,049,900,6,200
2015/09/24,6,100,6,240,6,070,6,140,892,600,6,140
2015/09/25,6,150,6,290,6,080,6,290,1,043,000,6,290
