2011/06/03,126,400,126,600,126,300,126,300,39,1,263
2011/06/06,126,300,126,300,126,200,126,200,12,1,262
2011/06/07,126,100,126,300,126,000,126,000,18,1,260
2011/06/08,127,500,127,500,127,500,127,500,1,1,275
2011/06/09,127,300,127,300,127,300,127,300,2,1,273
2011/06/10,126,200,127,500,126,200,127,500,2,1,275
2011/06/13,127,500,127,600,127,000,127,000,3,1,270
2011/06/14,128,900,129,000,127,500,127,500,32,1,275
2011/06/15,128,900,128,900,128,000,128,000,8,1,280
2011/06/16,127,000,127,000,127,000,127,000,13,1,270
2011/06/17,127,100,127,100,127,100,127,100,1,1,271
2011/06/20,127,100,127,100,125,100,126,000,43,1,260
2011/06/21,126,000,126,000,126,000,126,000,14,1,260
2011/06/22,127,500,127,500,127,500,127,500,2,1,275
2011/06/23,126,000,126,000,126,000,126,000,5,1,260
2011/06/24,126,300,127,400,126,000,126,000,45,1,260
2011/06/27,126,100,127,500,126,100,127,500,10,1,275
2011/06/28,127,900,127,900,127,900,127,900,3,1,279
2011/06/29,129,000,131,000,129,000,131,000,23,1,310
2011/06/30,131,500,131,500,131,500,131,500,13,1,315
2015/08/24,2,683,2,728,2,683,2,684,8,600,2,684
2015/08/25,2,571,2,659,2,570,2,573,11,200,2,573
2015/08/26,2,650,2,652,2,600,2,600,9,700,2,600
2015/08/27,2,650,2,668,2,639,2,662,3,700,2,662
2015/08/28,2,680,2,700,2,677,2,677,1,800,2,677
2015/08/31,2,677,2,720,2,677,2,678,1,600,2,678
2015/09/01,2,679,2,699,2,627,2,627,3,300,2,627
2015/09/02,2,618,2,620,2,596,2,598,12,400,2,598
2015/09/03,2,610,2,620,2,610,2,619,900,2,619
2015/09/04,2,602,2,602,2,570,2,575,3,200,2,575
2015/09/07,2,560,2,615,2,536,2,615,3,700,2,615
2015/09/08,2,565,2,566,2,505,2,518,2,800,2,518
2015/09/09,2,570,2,610,2,569,2,610,3,400,2,610
2015/09/10,2,573,2,606,2,520,2,551,7,200,2,551
2015/09/11,2,530,2,580,2,530,2,580,3,100,2,580
2015/09/14,2,580,2,580,2,560,2,570,2,100,2,570
2015/09/15,2,590,2,600,2,590,2,600,600,2,600
2015/09/16,2,600,2,600,2,581,2,581,1,300,2,581
2015/09/17,2,610,2,610,2,590,2,610,1,700,2,610
2015/09/18,2,620,2,620,2,600,2,609,1,600,2,609
2015/09/24,2,605,2,605,2,565,2,565,3,100,2,565
2015/09/25,2,567,2,600,2,567,2,600,4,100,2,600
2015/09/28,2,512,2,581,2,512,2,551,8,600,2,551
2015/09/29,2,551,2,551,2,505,2,525,2,700,2,525
2015/09/30,2,525,2,531,2,525,2,531,600,2,531
2015/10/01,2,530,2,550,2,525,2,550,1,300,2,550
2015/10/02,2,550,2,550,2,510,2,540,3,300,2,540
2015/10/05,2,566,2,566,2,536,2,536,700,2,536
2015/10/06,2,549,2,549,2,507,2,507,7,000,2,507
2015/10/07,2,515,2,530,2,509,2,513,1,300,2,513
2015/10/08,2,515,2,527,2,510,2,520,1,400,2,520
2015/10/09,2,510,2,530,2,509,2,516,2,300,2,516
