2011/06/03,113,113,111,112,9,200,112
2011/06/06,113,113,109,109,59,400,109
2011/06/07,107,111,107,110,71,100,110
2011/06/08,109,109,108,108,33,000,108
2011/06/09,108,109,106,106,46,800,106
2011/06/10,108,109,106,108,26,700,108
2011/06/13,106,109,106,108,59,300,108
2011/06/14,107,111,107,111,55,600,111
2011/06/15,111,112,111,112,30,200,112
2011/06/16,111,113,111,111,42,200,111
2011/06/17,111,113,109,113,55,800,113
2011/06/20,112,113,111,112,25,500,112
2011/06/21,111,114,111,114,49,400,114
2011/06/22,114,117,114,117,82,700,117
2011/06/23,117,124,116,122,256,100,122
2011/06/24,131,138,126,129,1,732,500,129
2011/06/27,128,128,124,124,290,800,124
2011/06/28,124,131,123,126,214,600,126
2011/06/29,126,128,121,127,158,400,127
2011/06/30,126,126,121,122,139,500,122
2015/08/24,95,97,83,85,5,047,400,85
2015/08/25,77,88,76,79,5,215,500,79
2015/08/26,82,89,80,87,3,377,600,87
2015/08/27,91,92,88,89,2,027,900,89
2015/08/28,90,93,89,89,2,169,800,89
2015/08/31,89,93,88,90,1,509,900,90
2015/09/01,92,92,85,86,2,094,600,86
2015/09/02,83,89,82,88,1,599,200,88
2015/09/03,89,90,87,89,819,600,89
2015/09/04,89,89,82,82,1,318,800,82
2015/09/07,79,81,75,78,2,209,000,78
2015/09/08,80,85,79,84,2,627,500,84
2015/09/09,84,87,83,86,1,612,600,86
2015/09/10,83,91,82,89,1,912,400,89
2015/09/11,88,91,88,88,981,800,88
2015/09/14,89,89,85,85,754,000,85
2015/09/15,86,88,81,82,1,253,400,82
2015/09/16,82,83,80,80,1,068,900,80
2015/09/17,82,83,78,81,1,684,800,81
2015/09/18,82,83,80,81,859,600,81
2015/09/24,80,93,78,84,4,608,000,84
2015/09/25,83,114,80,114,37,243,000,114
2015/09/28,110,146,105,130,121,277,300,130
2015/09/29,125,133,116,121,51,703,900,121
2015/09/30,126,140,125,137,61,770,200,137
2015/10/01,133,136,116,116,28,994,300,116
2015/10/02,121,124,110,118,20,321,200,118
2015/10/05,122,125,120,124,8,770,700,124
2015/10/06,121,124,116,118,6,758,700,118
2015/10/07,118,131,118,129,10,663,200,129
2015/10/08,127,135,125,134,13,835,800,134
2015/10/09,142,147,124,127,40,093,400,127
