2011/03/23,1,910,1,910,1,910,1,910,1,500,4,775
2011/03/24,1,910,1,910,1,910,1,910,1,000,4,775
2011/04/08,1,800,1,800,1,800,1,800,500,4,500
2011/04/12,1,800,1,800,1,800,1,800,500,4,500
2011/04/14,1,800,1,800,1,800,1,800,2,500,4,500
2011/04/20,1,850,1,850,1,850,1,850,500,4,625
2011/04/21,1,850,1,850,1,850,1,850,500,4,625
2011/04/22,1,850,1,850,1,850,1,850,500,4,625
2011/05/12,1,850,1,850,1,850,1,850,1,000,4,625
2011/05/13,1,850,1,850,1,850,1,850,500,4,625
2011/05/20,1,900,1,900,1,900,1,900,500,4,750
2011/05/24,1,900,1,900,1,900,1,900,500,4,750
2011/05/27,1,900,1,900,1,900,1,900,500,4,750
2011/06/02,1,900,1,900,1,900,1,900,500,4,750
2011/06/13,1,780,1,780,1,780,1,780,1,000,4,450
2011/06/30,1,800,1,800,1,800,1,800,500,4,500
2015/08/06,10,080,10,080,10,080,10,080,100,10,080
2015/08/07,9,990,9,990,9,980,9,990,900,9,990
2015/08/10,9,840,10,010,9,840,9,940,1,100,9,940
2015/08/11,9,910,10,590,9,900,10,300,2,900,10,300
2015/08/12,10,500,11,440,10,500,11,000,8,300,11,000
2015/08/13,11,000,11,300,11,000,11,000,2,200,11,000
2015/08/14,11,000,11,190,10,300,10,500,1,600,10,500
2015/08/17,10,560,10,560,10,500,10,500,200,10,500
2015/08/18,10,590,10,800,10,590,10,800,400,10,800
2015/08/19,10,800,10,810,10,800,10,800,400,10,800
2015/08/20,10,810,10,810,10,800,10,800,700,10,800
2015/08/21,10,590,10,590,10,500,10,500,600,10,500
2015/08/25,10,160,10,160,9,600,10,050,500,10,050
2015/08/31,10,100,10,710,10,100,10,710,800,10,710
2015/09/02,10,500,10,500,10,500,10,500,700,10,500
2015/09/04,10,500,10,500,10,500,10,500,600,10,500
2015/09/08,10,100,10,100,10,100,10,100,500,10,100
2015/09/14,10,000,10,000,10,000,10,000,300,10,000
2015/09/17,10,400,10,400,10,380,10,380,500,10,380
2015/09/18,10,080,10,080,10,080,10,080,100,10,080
2015/09/25,10,080,10,080,10,080,10,080,200,10,080
