2011/06/03,1,366,1,370,1,346,1,350,1,382,400,1,350
2011/06/06,1,358,1,360,1,331,1,336,729,100,1,336
2011/06/07,1,330,1,340,1,323,1,337,770,700,1,337
2011/06/08,1,334,1,350,1,327,1,346,784,300,1,346
2011/06/09,1,333,1,340,1,327,1,335,981,700,1,335
2011/06/10,1,345,1,359,1,340,1,352,3,110,900,1,352
2011/06/13,1,338,1,340,1,315,1,317,1,388,700,1,317
2011/06/14,1,318,1,330,1,311,1,324,1,191,500,1,324
2011/06/15,1,324,1,337,1,320,1,335,990,900,1,335
2011/06/16,1,329,1,341,1,318,1,319,1,195,500,1,319
2011/06/17,1,316,1,320,1,275,1,280,1,954,700,1,280
2011/06/20,1,280,1,301,1,275,1,293,1,281,000,1,293
2011/06/21,1,300,1,306,1,287,1,291,966,000,1,291
2011/06/22,1,295,1,317,1,295,1,312,1,029,400,1,312
2011/06/23,1,299,1,318,1,296,1,312,935,100,1,312
2011/06/24,1,319,1,327,1,312,1,320,584,500,1,320
2011/06/27,1,308,1,310,1,296,1,297,713,900,1,297
2011/06/28,1,310,1,316,1,307,1,311,618,900,1,311
2011/06/29,1,312,1,326,1,311,1,324,1,162,100,1,324
2011/06/30,1,325,1,326,1,311,1,315,1,830,400,1,315
2015/08/24,4,780,4,885,4,600,4,600,2,046,300,4,600
2015/08/25,4,515,4,735,4,415,4,420,2,364,800,4,420
2015/08/26,4,450,4,610,4,440,4,600,2,136,500,4,600
2015/08/27,4,690,4,780,4,610,4,655,1,448,200,4,655
2015/08/28,4,800,4,815,4,695,4,775,1,652,400,4,775
2015/08/31,4,770,4,805,4,705,4,760,1,975,600,4,760
2015/09/01,4,750,4,795,4,550,4,555,1,181,300,4,555
2015/09/02,4,435,4,705,4,425,4,590,1,670,900,4,590
2015/09/03,4,715,4,840,4,700,4,735,1,466,900,4,735
2015/09/04,4,725,4,755,4,580,4,650,1,387,900,4,650
2015/09/07,4,710,4,775,4,650,4,705,1,497,700,4,705
2015/09/08,4,705,4,705,4,285,4,290,2,080,600,4,290
2015/09/09,4,500,4,785,4,480,4,785,2,104,100,4,785
2015/09/10,4,650,4,780,4,615,4,740,1,692,300,4,740
2015/09/11,4,730,4,900,4,700,4,835,2,850,700,4,835
2015/09/14,4,875,4,925,4,770,4,770,1,191,900,4,770
2015/09/15,4,825,4,890,4,760,4,835,1,021,900,4,835
2015/09/16,4,870,4,875,4,640,4,700,1,000,400,4,700
2015/09/17,4,715,4,730,4,605,4,645,1,390,500,4,645
2015/09/18,4,635,4,690,4,535,4,535,1,933,700,4,535
2015/09/24,4,535,4,650,4,465,4,465,2,028,000,4,465
2015/09/25,4,495,4,585,4,475,4,580,1,507,700,4,580
2015/09/28,4,650,4,680,4,450,4,480,1,194,200,4,480
2015/09/29,4,395,4,450,4,205,4,225,1,929,700,4,225
2015/09/30,4,280,4,300,4,190,4,275,2,084,300,4,275
2015/10/01,4,355,4,415,4,260,4,380,1,781,300,4,380
2015/10/02,4,345,4,360,4,235,4,255,1,231,300,4,255
2015/10/05,4,255,4,400,4,185,4,385,1,243,700,4,385
2015/10/06,4,445,4,470,4,285,4,355,1,121,200,4,355
2015/10/07,4,355,4,355,4,190,4,275,1,526,200,4,275
