2011/06/03,1,541,1,542,1,539,1,539,400,1,539
2011/06/06,1,540,1,541,1,540,1,540,1,200,1,540
2011/06/07,1,534,1,534,1,534,1,534,300,1,534
2011/06/08,1,534,1,534,1,531,1,531,800,1,531
2011/06/09,1,531,1,531,1,530,1,530,400,1,530
2011/06/10,1,530,1,563,1,530,1,544,3,600,1,544
2011/06/13,1,566,1,566,1,566,1,566,100,1,566
2011/06/14,1,560,1,560,1,560,1,560,100,1,560
2011/06/15,1,560,1,570,1,559,1,559,3,600,1,559
2011/06/16,1,565,1,565,1,541,1,545,1,300,1,545
2011/06/17,1,563,1,563,1,541,1,541,3,200,1,541
2011/06/20,1,541,1,545,1,541,1,541,600,1,541
2011/06/21,1,542,1,542,1,505,1,525,2,500,1,525
2011/06/22,1,535,1,536,1,534,1,536,2,500,1,536
2011/06/23,1,535,1,535,1,533,1,535,1,500,1,535
2011/06/24,1,548,1,568,1,544,1,560,1,900,1,560
2011/06/27,1,552,1,557,1,552,1,552,1,300,1,552
2011/06/28,1,558,1,560,1,558,1,560,300,1,560
2011/06/29,1,600,1,600,1,600,1,600,2,300,1,600
2011/06/30,1,564,1,564,1,564,1,564,800,1,564
2015/08/24,3,400,3,430,3,315,3,355,22,000,3,355
2015/08/25,3,290,3,495,3,225,3,360,20,700,3,360
2015/08/26,3,365,3,430,3,325,3,390,18,300,3,390
2015/08/27,3,390,3,460,3,310,3,330,8,900,3,330
2015/08/28,3,365,3,425,3,315,3,350,11,300,3,350
2015/08/31,3,370,3,440,3,350,3,405,13,700,3,405
2015/09/01,3,420,3,420,3,315,3,315,6,400,3,315
2015/09/02,3,300,3,385,3,300,3,350,6,600,3,350
2015/09/03,3,400,3,450,3,370,3,375,9,900,3,375
2015/09/04,3,410,3,445,3,380,3,405,7,800,3,405
2015/09/07,3,395,3,395,3,355,3,375,4,100,3,375
2015/09/08,3,395,3,395,3,280,3,305,9,900,3,305
2015/09/09,3,320,3,395,3,305,3,385,10,500,3,385
2015/09/10,3,315,3,380,3,315,3,360,7,500,3,360
2015/09/11,3,425,3,460,3,270,3,435,14,100,3,435
2015/09/14,3,435,3,485,3,435,3,440,6,000,3,440
2015/09/15,3,430,3,475,3,355,3,435,5,900,3,435
2015/09/16,3,440,3,480,3,410,3,455,11,600,3,455
2015/09/17,3,400,3,495,3,400,3,490,7,200,3,490
2015/09/18,3,490,3,495,3,425,3,445,8,800,3,445
2015/09/24,3,400,3,545,3,360,3,535,21,800,3,535
2015/09/25,3,580,3,640,3,470,3,640,17,700,3,640
