2011/06/03,1,335,1,343,1,327,1,333,1,242,600,1,333
2011/06/06,1,334,1,335,1,312,1,317,712,600,1,317
2011/06/07,1,315,1,320,1,308,1,318,764,400,1,318
2011/06/08,1,312,1,316,1,305,1,316,473,400,1,316
2011/06/09,1,311,1,316,1,307,1,315,809,600,1,315
2011/06/10,1,325,1,335,1,310,1,316,2,781,600,1,316
2011/06/13,1,309,1,319,1,306,1,310,531,400,1,310
2011/06/14,1,317,1,324,1,303,1,307,1,293,500,1,307
2011/06/15,1,314,1,318,1,307,1,316,779,700,1,316
2011/06/16,1,314,1,321,1,307,1,307,860,800,1,307
2011/06/17,1,316,1,320,1,302,1,305,1,061,000,1,305
2011/06/20,1,306,1,311,1,301,1,309,645,900,1,309
2011/06/21,1,310,1,314,1,304,1,309,675,700,1,309
2011/06/22,1,317,1,329,1,315,1,326,928,800,1,326
2011/06/23,1,319,1,337,1,319,1,328,854,700,1,328
2011/06/24,1,339,1,343,1,330,1,333,693,400,1,333
2011/06/27,1,325,1,327,1,310,1,311,925,700,1,311
2011/06/28,1,309,1,310,1,302,1,305,897,700,1,305
2011/06/29,1,307,1,315,1,304,1,313,903,000,1,313
2011/06/30,1,314,1,321,1,313,1,316,1,034,300,1,316
2015/08/24,4,575,4,630,4,440,4,450,1,524,400,4,450
2015/08/25,4,380,4,540,4,280,4,310,1,855,100,4,310
2015/08/26,4,245,4,430,4,230,4,420,1,498,800,4,420
2015/08/27,4,485,4,590,4,470,4,520,1,078,400,4,520
2015/08/28,4,650,4,675,4,545,4,610,908,000,4,610
2015/08/31,4,540,4,560,4,455,4,535,1,068,100,4,535
2015/09/01,4,495,4,510,4,295,4,295,931,700,4,295
2015/09/02,4,210,4,465,4,205,4,350,1,649,000,4,350
2015/09/03,4,360,4,480,4,270,4,295,1,492,600,4,295
2015/09/04,4,310,4,335,4,120,4,300,1,722,200,4,300
2015/09/07,4,285,4,285,4,175,4,235,1,224,900,4,235
2015/09/08,4,265,4,265,3,950,3,970,1,330,700,3,970
2015/09/09,4,095,4,340,4,070,4,340,1,529,300,4,340
2015/09/10,4,175,4,210,4,100,4,155,900,900,4,155
2015/09/11,4,190,4,315,4,160,4,260,2,807,100,4,260
2015/09/14,4,245,4,305,4,155,4,155,903,400,4,155
2015/09/15,4,205,4,205,4,095,4,105,1,372,500,4,105
2015/09/16,4,145,4,145,3,980,4,015,1,290,000,4,015
2015/09/17,4,055,4,065,3,955,3,980,1,194,600,3,980
2015/09/18,3,985,4,015,3,900,3,900,1,511,200,3,900
2015/09/24,3,850,3,970,3,820,3,835,1,231,900,3,835
2015/09/25,3,870,3,920,3,805,3,915,1,177,500,3,915
