2011/06/06,4,480,4,510,4,375,4,390,1,061,500,2,195
2011/06/08,4,390,4,420,4,370,4,410,380,500,2,205
2011/06/09,4,425,4,490,4,420,4,480,670,800,2,240
2011/06/14,4,330,4,365,4,305,4,320,1,174,100,2,160
2011/06/16,4,295,4,305,4,250,4,260,996,000,2,130
2011/06/17,4,250,4,300,4,225,4,240,1,332,900,2,120
2011/06/21,4,215,4,220,4,170,4,200,1,208,000,2,100
2011/06/23,4,220,4,270,4,215,4,250,640,700,2,125
2011/06/24,4,290,4,295,4,245,4,270,551,900,2,135
2011/06/27,4,230,4,265,4,220,4,220,385,100,2,110
2011/06/29,4,315,4,315,4,275,4,310,482,000,2,155
2015/08/24,3,315,3,375,3,225,3,240,2,504,300,3,240
2015/08/25,3,170,3,310,3,125,3,135,2,715,400,3,135
2015/08/26,3,100,3,185,3,075,3,160,2,360,400,3,160
2015/08/27,3,240,3,300,3,225,3,255,1,398,600,3,255
2015/08/28,3,350,3,360,3,315,3,340,1,702,500,3,340
2015/08/31,3,305,3,335,3,270,3,315,1,497,000,3,315
2015/09/01,3,300,3,300,3,165,3,165,1,456,000,3,165
2015/09/02,3,115,3,225,3,110,3,140,1,470,300,3,140
2015/09/03,3,250,3,290,3,180,3,190,1,299,200,3,190
2015/09/04,3,215,3,220,3,105,3,135,1,416,400,3,135
2015/09/07,3,120,3,175,3,080,3,140,1,354,300,3,140
2015/09/08,3,135,3,135,2,983,2,994,1,648,700,2,994
2015/09/09,3,150,3,340,3,135,3,340,2,465,200,3,340
2015/09/10,3,200,3,275,3,190,3,255,1,348,900,3,255
2015/09/11,3,240,3,295,3,230,3,250,3,944,800,3,250
2015/09/14,3,290,3,300,3,210,3,215,1,097,000,3,215
2015/09/15,3,260,3,295,3,235,3,250,943,300,3,250
2015/09/16,3,300,3,310,3,245,3,280,893,000,3,280
2015/09/17,3,280,3,300,3,250,3,270,970,500,3,270
2015/09/18,3,285,3,290,3,185,3,210,1,414,100,3,210
2015/09/24,3,140,3,225,3,140,3,175,1,112,900,3,175
2015/09/25,3,315,3,465,3,305,3,465,3,616,900,3,465
2015/09/28,3,495,3,520,3,375,3,395,1,746,000,3,395
2015/09/29,3,340,3,370,3,215,3,240,2,182,900,3,240
2015/09/30,3,365,3,385,3,270,3,370,1,577,800,3,370
2015/10/01,3,415,3,435,3,365,3,400,1,648,300,3,400
2015/10/02,3,350,3,375,3,310,3,365,1,060,400,3,365
2015/10/05,3,375,3,410,3,320,3,405,1,211,500,3,405
2015/10/06,3,450,3,490,3,430,3,460,1,553,200,3,460
2015/10/07,3,460,3,465,3,365,3,420,1,474,900,3,420
