2011/06/03,598,604,592,604,1,207,000,604
2011/06/06,606,610,597,605,1,096,000,605
2011/06/07,605,615,594,612,1,198,000,612
2011/06/08,613,617,605,614,609,000,614
2011/06/09,610,610,598,601,755,000,601
2011/06/10,611,616,609,612,1,433,000,612
2011/06/13,609,609,592,598,1,953,000,598
2011/06/14,600,617,600,617,1,197,000,617
2011/06/15,619,623,618,621,1,052,000,621
2011/06/16,618,620,606,607,570,000,607
2011/06/17,607,610,596,606,608,000,606
2011/06/20,609,614,605,605,550,000,605
2011/06/21,611,611,596,604,1,343,000,604
2011/06/22,611,619,608,617,869,000,617
2011/06/23,613,615,606,606,514,000,606
2011/06/24,616,643,616,637,3,544,000,637
2011/06/27,640,640,628,634,1,420,000,634
2011/06/28,635,636,626,631,917,000,631
2011/06/29,632,640,629,638,624,000,638
2011/06/30,641,643,634,642,444,000,642
2015/08/24,2,590,2,641,2,497,2,498,1,593,500,2,498
2015/08/25,2,390,2,548,2,360,2,405,1,921,900,2,405
2015/08/26,2,412,2,521,2,401,2,504,1,041,300,2,504
2015/08/27,2,533,2,575,2,510,2,516,771,600,2,516
2015/08/28,2,586,2,595,2,521,2,556,917,800,2,556
2015/08/31,2,550,2,550,2,463,2,496,1,182,900,2,496
2015/09/01,2,466,2,466,2,372,2,372,1,027,200,2,372
2015/09/02,2,324,2,369,2,273,2,287,1,436,900,2,287
2015/09/03,2,307,2,379,2,288,2,292,946,500,2,292
2015/09/04,2,379,2,379,2,252,2,278,1,128,700,2,278
2015/09/07,2,244,2,326,2,210,2,280,702,400,2,280
2015/09/08,2,280,2,324,2,231,2,241,688,200,2,241
2015/09/09,2,291,2,460,2,276,2,452,1,074,900,2,452
2015/09/10,2,320,2,358,2,280,2,339,999,300,2,339
2015/09/11,2,289,2,361,2,289,2,300,908,100,2,300
2015/09/14,2,305,2,308,2,214,2,228,715,000,2,228
2015/09/15,2,237,2,310,2,219,2,219,989,300,2,219
2015/09/16,2,235,2,270,2,202,2,235,819,100,2,235
2015/09/17,2,247,2,343,2,247,2,276,788,700,2,276
2015/09/18,2,253,2,264,2,202,2,240,1,193,800,2,240
2015/09/24,2,191,2,226,2,132,2,144,1,296,500,2,144
2015/09/25,2,157,2,173,2,116,2,162,1,125,600,2,162
2015/09/28,2,207,2,239,2,169,2,186,909,600,2,186
2015/09/29,2,145,2,148,2,033,2,037,989,000,2,037
2015/09/30,2,046,2,133,2,046,2,081,980,300,2,081
2015/10/01,2,154,2,231,2,124,2,212,1,271,400,2,212
2015/10/02,2,151,2,212,2,100,2,178,925,400,2,178
2015/10/05,2,252,2,330,2,246,2,295,1,075,500,2,295
2015/10/06,2,340,2,360,2,275,2,278,943,500,2,278
2015/10/07,2,304,2,340,2,272,2,330,872,700,2,330
2015/10/08,2,360,2,422,2,329,2,364,1,388,800,2,364
