2011/06/03,710,719,705,711,822,000,711
2011/06/06,705,715,700,705,796,000,705
2011/06/07,692,709,681,702,1,443,000,702
2011/06/08,701,703,690,701,1,270,000,701
2011/06/09,690,694,685,688,1,500,000,688
2011/06/10,684,690,678,685,2,820,000,685
2011/06/13,683,698,680,690,1,036,000,690
2011/06/14,690,710,690,710,1,778,000,710
2011/06/15,711,713,694,703,1,156,000,703
2011/06/16,694,702,690,690,648,000,690
2011/06/17,695,695,681,689,734,000,689
2011/06/20,690,701,689,693,808,000,693
2011/06/21,694,696,689,696,554,000,696
2011/06/22,703,712,703,711,686,000,711
2011/06/23,704,707,693,694,910,000,694
2011/06/24,700,723,700,720,1,775,000,720
2011/06/27,719,719,704,714,749,000,714
2011/06/28,712,712,701,704,1,305,000,704
2011/06/29,706,727,705,727,1,227,000,727
2011/06/30,730,734,720,731,655,000,731
2015/08/24,1,974,2,044,1,934,1,940,1,579,000,1,940
2015/08/25,1,837,1,879,1,775,1,775,2,365,000,1,775
2015/08/26,1,787,1,846,1,784,1,838,1,035,000,1,838
2015/08/27,1,870,1,901,1,861,1,866,971,000,1,866
2015/08/28,1,927,1,947,1,912,1,926,859,000,1,926
2015/08/31,1,886,1,915,1,867,1,894,770,000,1,894
2015/09/01,1,882,1,886,1,835,1,835,948,000,1,835
2015/09/02,1,801,1,819,1,774,1,792,1,544,000,1,792
2015/09/03,1,792,1,846,1,764,1,769,1,053,000,1,769
2015/09/04,1,775,1,782,1,722,1,740,1,397,000,1,740
2015/09/07,1,700,1,725,1,672,1,700,1,194,000,1,700
2015/09/08,1,702,1,731,1,676,1,678,472,000,1,678
2015/09/09,1,729,1,777,1,729,1,777,915,000,1,777
2015/09/10,1,737,1,750,1,714,1,732,1,027,000,1,732
2015/09/11,1,700,1,729,1,699,1,708,1,552,000,1,708
2015/09/14,1,713,1,719,1,669,1,670,1,253,000,1,670
2015/09/15,1,683,1,736,1,680,1,696,932,000,1,696
2015/09/16,1,701,1,704,1,653,1,664,698,000,1,664
2015/09/17,1,672,1,688,1,661,1,685,625,000,1,685
2015/09/18,1,678,1,699,1,653,1,660,1,411,000,1,660
2015/09/24,1,649,1,653,1,616,1,624,1,170,000,1,624
2015/09/25,1,624,1,632,1,537,1,591,1,280,000,1,591
2015/09/28,1,614,1,628,1,597,1,628,1,233,000,1,628
2015/09/29,1,599,1,603,1,559,1,559,1,196,000,1,559
2015/09/30,1,598,1,633,1,598,1,622,597,000,1,622
2015/10/01,1,647,1,700,1,628,1,665,986,800,1,665
2015/10/02,1,665,1,682,1,628,1,664,766,400,1,664
2015/10/05,1,690,1,715,1,689,1,707,476,400,1,707
2015/10/06,1,733,1,743,1,684,1,690,569,200,1,690
2015/10/07,1,691,1,729,1,691,1,724,554,800,1,724
2015/10/08,1,711,1,747,1,689,1,705,1,073,600,1,705
2015/10/09,1,719,1,764,1,719,1,764,604,300,1,764
