2011/04/25,259,260,259,260,4,000,260
2011/05/02,262,265,262,265,2,000,265
2011/05/09,270,270,270,270,2,000,270
2011/05/10,270,278,270,278,2,000,278
2011/05/11,275,275,274,275,4,000,275
2011/05/12,270,270,257,257,13,000,257
2011/05/17,262,262,262,262,1,000,262
2011/05/18,265,270,265,270,3,000,270
2011/05/19,262,262,262,262,1,000,262
2011/05/25,270,270,270,270,4,000,270
2011/05/30,262,262,262,262,1,000,262
2011/06/03,261,261,261,261,1,000,261
2011/06/10,268,268,264,268,3,000,268
2011/06/13,273,273,273,273,7,000,273
2011/06/14,261,261,261,261,1,000,261
2011/06/15,269,269,269,269,1,000,269
2011/06/16,269,269,269,269,1,000,269
2011/06/23,262,262,262,262,1,000,262
2011/06/29,271,271,271,271,1,000,271
2011/06/30,274,274,274,274,11,000,274
2015/08/21,505,505,499,499,500,499
2015/08/24,499,503,498,503,900,503
2015/08/25,461,471,436,455,13,800,455
2015/08/26,468,468,449,468,900,468
2015/08/27,472,472,465,465,5,000,465
2015/08/28,464,488,464,488,800,488
2015/08/31,488,488,488,488,100,488
2015/09/01,488,488,488,488,100,488
2015/09/02,487,487,480,480,200,480
2015/09/03,488,488,480,480,300,480
2015/09/04,490,490,490,490,100,490
2015/09/07,493,493,493,493,200,493
2015/09/08,493,493,493,493,100,493
2015/09/09,496,497,494,497,1,900,497
2015/09/11,497,500,495,495,2,500,495
2015/09/14,510,510,509,509,3,800,509
2015/09/15,509,509,509,509,100,509
2015/09/16,510,510,510,510,100,510
2015/09/17,510,510,510,510,100,510
2015/09/18,510,510,509,510,400,510
2015/09/24,510,510,510,510,100,510
2015/09/25,526,530,526,526,2,700,526
2015/09/29,512,512,512,512,100,512
2015/09/30,510,510,510,510,100,510
2015/10/01,510,510,510,510,100,510
2015/10/02,510,510,510,510,100,510
2015/10/05,492,492,492,492,500,492
2015/10/06,497,497,497,497,600,497
2015/10/08,500,500,500,500,1,000,500
2015/10/09,507,507,500,500,1,600,500
