2011/03/17,677,680,677,680,2,000,680
2011/03/18,730,749,730,749,3,000,749
2011/03/22,779,800,779,800,2,000,800
2011/03/24,750,750,735,735,2,000,735
2011/03/28,770,800,770,800,3,000,800
2011/03/29,735,735,735,735,2,000,735
2011/04/06,750,750,750,750,1,000,750
2011/04/07,750,750,750,750,1,000,750
2011/04/15,750,750,750,750,4,000,750
2011/04/26,750,750,750,750,1,000,750
2011/05/02,750,750,750,750,1,000,750
2011/05/10,725,725,725,725,2,000,725
2011/05/11,740,740,740,740,1,000,740
2011/05/17,740,740,740,740,2,000,740
2011/05/18,760,760,760,760,2,000,760
2011/05/20,745,745,741,741,4,000,741
2011/05/25,741,741,726,726,3,000,726
2011/05/31,740,740,740,740,1,000,740
2011/06/24,740,740,740,740,5,000,740
2011/06/27,740,740,740,740,1,000,740
2015/08/12,1,043,1,050,1,043,1,050,6,000,1,050
2015/08/13,1,063,1,063,1,021,1,054,4,000,1,054
2015/08/14,1,065,1,070,1,065,1,070,7,000,1,070
2015/08/17,1,099,1,099,1,040,1,070,31,000,1,070
2015/08/18,1,075,1,089,1,075,1,089,2,000,1,089
2015/08/19,1,089,1,089,1,080,1,080,2,000,1,080
2015/08/20,1,089,1,089,1,060,1,060,4,000,1,060
2015/08/21,1,060,1,060,1,059,1,059,3,000,1,059
2015/08/24,1,018,1,020,990,990,10,000,990
2015/08/25,980,980,971,971,19,000,971
2015/08/26,971,971,971,971,1,000,971
2015/09/07,1,005,1,005,1,005,1,005,1,000,1,005
2015/09/09,1,025,1,025,1,025,1,025,1,000,1,025
2015/09/10,1,025,1,029,1,025,1,029,3,000,1,029
2015/09/11,1,039,1,039,1,032,1,032,2,000,1,032
2015/09/14,1,033,1,033,1,033,1,033,1,000,1,033
2015/09/15,1,003,1,003,1,003,1,003,1,000,1,003
2015/09/16,1,000,1,000,985,985,8,000,985
2015/09/17,983,994,970,994,10,000,994
2015/09/18,1,003,1,003,989,995,5,000,995
2015/09/24,1,004,1,004,1,004,1,004,1,000,1,004
2015/09/25,1,004,1,105,1,004,1,105,5,000,1,105
2015/09/28,1,090,1,090,1,090,1,090,1,000,1,090
2015/09/29,1,002,1,002,1,000,1,000,2,000,1,000
2015/10/01,1,000,1,000,1,000,1,000,1,000,1,000
2015/10/02,1,000,1,000,990,990,2,000,990
2015/10/06,1,000,1,000,1,000,1,000,10,000,1,000
2015/10/09,1,001,1,001,1,001,1,001,1,000,1,001
