2011/06/03,2,450,2,472,2,445,2,457,848,800,2,457
2011/06/06,2,459,2,459,2,417,2,432,411,600,2,432
2011/06/07,2,438,2,454,2,421,2,453,414,900,2,453
2011/06/08,2,431,2,443,2,382,2,394,791,500,2,394
2011/06/09,2,399,2,453,2,388,2,441,813,500,2,441
2011/06/10,2,466,2,552,2,438,2,541,3,124,000,2,541
2011/06/13,2,500,2,522,2,491,2,519,1,043,500,2,519
2011/06/14,2,533,2,584,2,529,2,552,899,100,2,552
2011/06/15,2,540,2,540,2,491,2,492,949,000,2,492
2011/06/16,2,462,2,488,2,454,2,472,921,800,2,472
2011/06/17,2,500,2,505,2,465,2,474,930,200,2,474
2011/06/20,2,437,2,437,2,375,2,377,1,323,100,2,377
2011/06/21,2,350,2,412,2,332,2,408,1,119,200,2,408
2011/06/22,2,434,2,464,2,417,2,457,636,400,2,457
2011/06/23,2,423,2,455,2,397,2,436,457,200,2,436
2011/06/24,2,460,2,494,2,443,2,483,529,600,2,483
2011/06/27,2,484,2,505,2,463,2,467,634,800,2,467
2011/06/28,2,508,2,543,2,490,2,508,769,700,2,508
2011/06/29,2,548,2,549,2,506,2,525,629,900,2,525
2011/06/30,2,539,2,545,2,487,2,489,773,200,2,489
2015/08/24,4,450,4,525,4,315,4,350,1,294,300,4,350
2015/08/25,4,180,4,390,4,125,4,155,1,724,800,4,155
2015/08/26,4,110,4,270,4,110,4,245,1,117,900,4,245
2015/08/27,4,265,4,370,4,245,4,285,831,900,4,285
2015/08/28,4,365,4,380,4,315,4,355,457,200,4,355
2015/08/31,4,360,4,365,4,285,4,315,445,500,4,315
2015/09/01,4,300,4,325,4,180,4,180,654,600,4,180
2015/09/02,4,115,4,245,4,100,4,140,647,600,4,140
2015/09/03,4,185,4,240,4,140,4,190,840,700,4,190
2015/09/04,4,240,4,270,4,145,4,195,855,500,4,195
2015/09/07,4,130,4,320,4,130,4,275,914,400,4,275
2015/09/08,4,295,4,300,4,115,4,130,867,400,4,130
2015/09/09,4,245,4,275,4,150,4,275,1,062,700,4,275
2015/09/10,4,125,4,250,4,125,4,245,765,600,4,245
2015/09/11,4,225,4,320,4,215,4,295,1,917,200,4,295
2015/09/14,4,330,4,360,4,260,4,290,460,000,4,290
2015/09/15,4,305,4,340,4,260,4,280,438,900,4,280
2015/09/16,4,315,4,335,4,270,4,320,319,400,4,320
2015/09/17,4,360,4,360,4,200,4,260,810,000,4,260
2015/09/18,4,190,4,205,4,120,4,175,1,008,100,4,175
2015/09/24,4,120,4,240,4,115,4,165,527,100,4,165
2015/09/25,4,160,4,255,4,140,4,235,793,700,4,235
