2011/05/31,723,723,723,723,100,723
2011/06/02,702,702,702,702,1,200,702
2011/06/03,712,712,710,710,500,710
2011/06/07,706,706,706,706,100,706
2011/06/08,715,715,715,715,100,715
2011/06/10,715,715,715,715,100,715
2011/06/13,720,730,720,730,300,730
2011/06/14,723,735,723,735,300,735
2011/06/15,740,740,730,730,3,400,730
2011/06/16,713,717,713,717,300,717
2011/06/17,715,730,715,716,1,300,716
2011/06/20,701,711,701,711,1,300,711
2011/06/21,713,715,713,715,500,715
2011/06/22,720,720,720,720,1,700,720
2011/06/23,720,725,720,725,300,725
2011/06/24,720,725,720,725,1,600,725
2011/06/27,739,739,739,739,200,739
2011/06/28,740,740,725,739,400,739
2011/06/29,740,740,740,740,100,740
2011/06/30,738,740,738,740,1,000,740
2015/08/24,840,855,832,832,22,100,832
2015/08/25,820,850,805,832,12,300,832
2015/08/26,832,860,824,827,8,000,827
2015/08/27,832,842,832,837,1,100,837
2015/08/28,850,855,842,846,2,600,846
2015/08/31,845,845,837,839,5,700,839
2015/09/01,836,844,832,832,5,600,832
2015/09/02,825,825,818,818,10,700,818
2015/09/03,832,832,818,818,4,500,818
2015/09/04,822,822,806,807,5,500,807
2015/09/07,807,817,803,803,4,900,803
2015/09/08,803,805,802,802,3,600,802
2015/09/09,810,817,802,817,10,000,817
2015/09/10,811,813,807,809,4,500,809
2015/09/11,811,822,811,820,6,000,820
2015/09/14,816,817,808,808,7,200,808
2015/09/15,810,813,804,806,11,300,806
2015/09/16,807,807,802,804,6,700,804
2015/09/17,806,812,805,806,6,700,806
2015/09/18,807,811,807,807,3,600,807
2015/09/24,805,812,800,800,13,500,800
2015/09/25,803,805,798,805,5,500,805
2015/09/28,804,805,802,803,3,200,803
2015/09/29,796,801,780,780,9,500,780
2015/09/30,783,796,783,795,3,800,795
2015/10/01,790,795,790,794,5,200,794
2015/10/02,794,795,789,794,1,600,794
2015/10/05,798,803,798,798,5,400,798
2015/10/06,806,807,798,798,5,700,798
2015/10/07,804,805,801,803,2,600,803
2015/10/08,795,803,794,795,9,900,795
2015/10/09,796,804,794,804,4,800,804
