2011/05/09,240,240,240,240,1,200,240
2011/05/16,239,245,239,245,3,600,245
2011/05/17,245,245,245,245,100,245
2011/05/26,240,243,240,243,1,700,243
2011/05/31,243,243,243,243,1,800,243
2011/06/01,245,245,245,245,100,245
2011/06/02,245,245,245,245,900,245
2011/06/03,245,245,245,245,2,000,245
2011/06/06,240,240,240,240,1,100,240
2011/06/09,240,240,240,240,2,900,240
2011/06/10,250,250,250,250,100,250
2011/06/13,250,255,250,255,4,600,255
2011/06/15,245,245,245,245,400,245
2011/06/16,255,255,255,255,400,255
2011/06/17,257,259,257,259,2,600,259
2011/06/21,246,246,246,246,1,000,246
2011/06/22,250,250,250,250,100,250
2011/06/27,239,250,239,250,1,100,250
2011/06/28,242,242,242,242,1,500,242
2011/06/29,250,250,250,250,100,250
2015/08/24,501,514,458,460,43,400,460
2015/08/25,405,476,400,437,45,500,437
2015/08/26,437,489,437,483,8,000,483
2015/08/27,483,508,483,487,7,400,487
2015/08/28,488,507,488,505,5,800,505
2015/08/31,513,513,490,503,4,700,503
2015/09/01,493,506,485,485,3,400,485
2015/09/02,479,484,452,473,9,200,473
2015/09/03,475,499,475,491,2,600,491
2015/09/04,483,485,448,462,9,900,462
2015/09/07,463,463,440,454,5,500,454
2015/09/08,452,462,452,462,2,300,462
2015/09/09,462,488,462,472,5,400,472
2015/09/10,463,466,460,466,1,700,466
2015/09/11,466,470,464,470,300,470
2015/09/14,475,484,474,474,2,700,474
2015/09/15,475,495,475,494,4,100,494
2015/09/16,497,505,493,493,6,000,493
2015/09/17,495,503,493,503,3,700,503
2015/09/18,504,504,494,494,400,494
2015/09/24,500,500,499,500,2,600,500
2015/09/25,500,500,500,500,400,500
