2011/05/26,620,624,615,624,3,700,624
2011/05/27,624,625,624,625,7,200,625
2011/06/02,625,625,625,625,400,625
2011/06/07,610,610,610,610,2,600,610
2011/06/08,615,615,615,615,200,615
2011/06/09,620,620,620,620,400,620
2011/06/13,623,628,623,628,400,628
2011/06/14,632,632,630,632,2,400,632
2011/06/15,630,630,630,630,4,100,630
2011/06/16,630,630,624,624,400,624
2011/06/17,622,622,620,622,8,100,622
2011/06/20,629,629,629,629,6,200,629
2011/06/21,620,625,618,618,7,400,618
2011/06/22,625,625,618,618,300,618
2011/06/23,618,618,618,618,400,618
2011/06/24,624,624,621,621,1,100,621
2011/06/27,602,621,602,611,1,200,611
2011/06/28,665,684,614,617,8,400,617
2011/06/29,620,620,620,620,500,620
2011/06/30,649,650,649,649,1,600,649
2015/08/24,655,659,640,640,2,900,640
2015/08/25,621,634,621,634,2,500,634
2015/08/26,624,649,624,643,2,700,643
2015/08/27,662,662,660,661,6,400,661
2015/08/28,661,661,661,661,300,661
2015/08/31,661,661,654,654,2,100,654
2015/09/01,660,660,652,652,800,652
2015/09/02,656,656,656,656,100,656
2015/09/03,661,661,646,646,2,400,646
2015/09/04,661,661,641,641,300,641
2015/09/07,660,660,660,660,100,660
2015/09/08,659,659,659,659,100,659
2015/09/09,659,659,659,659,300,659
2015/09/10,658,658,658,658,100,658
2015/09/11,658,658,648,656,700,656
2015/09/14,655,655,640,640,1,200,640
2015/09/15,635,638,633,633,1,500,633
2015/09/16,633,640,627,640,3,600,640
2015/09/17,647,647,647,647,300,647
2015/09/18,649,649,639,648,600,648
2015/09/24,650,660,650,660,400,660
2015/09/25,679,679,670,677,2,000,677
