2011/05/31,1,628,1,700,1,628,1,700,700,1,700
2011/06/03,1,679,1,700,1,620,1,620,3,500,1,620
2011/06/06,1,550,1,650,1,545,1,650,1,500,1,650
2011/06/07,1,621,1,621,1,570,1,587,300,1,587
2011/06/08,1,562,1,690,1,562,1,690,1,800,1,690
2011/06/09,1,700,1,700,1,700,1,700,100,1,700
2011/06/10,1,700,1,700,1,700,1,700,1,600,1,700
2011/06/13,1,620,1,700,1,620,1,700,3,800,1,700
2011/06/14,1,710,1,730,1,710,1,730,700,1,730
2011/06/15,1,730,1,730,1,730,1,730,900,1,730
2011/06/17,1,720,1,720,1,720,1,720,100,1,720
2011/06/20,1,730,1,740,1,730,1,740,1,500,1,740
2011/06/21,1,730,1,730,1,715,1,715,1,000,1,715
2011/06/22,1,720,1,720,1,720,1,720,1,000,1,720
2011/06/23,1,723,1,798,1,723,1,798,1,300,1,798
2011/06/24,1,798,1,799,1,723,1,763,2,000,1,763
2011/06/27,1,803,1,820,1,800,1,820,1,600,1,820
2011/06/28,1,820,1,830,1,820,1,830,3,000,1,830
2011/06/29,1,843,1,843,1,820,1,840,2,800,1,840
2011/06/30,1,850,1,850,1,800,1,850,5,600,1,850
2015/08/10,4,185,4,250,4,015,4,015,2,300,4,015
2015/08/11,3,995,3,995,3,925,3,925,300,3,925
2015/08/12,3,725,3,770,3,675,3,700,2,600,3,700
2015/08/13,3,510,3,590,3,385,3,460,3,400,3,460
2015/08/14,3,530,3,580,3,530,3,545,600,3,545
2015/08/17,3,545,3,600,3,545,3,600,500,3,600
2015/08/20,3,580,3,580,3,440,3,440,1,600,3,440
2015/08/24,3,445,3,445,3,445,3,445,300,3,445
2015/08/25,3,450,3,520,3,450,3,520,700,3,520
2015/08/26,3,590,3,590,3,590,3,590,600,3,590
2015/08/27,3,620,3,695,3,620,3,695,1,300,3,695
2015/08/28,3,710,3,710,3,710,3,710,200,3,710
2015/09/01,3,710,3,710,3,710,3,710,200,3,710
2015/09/03,3,620,3,620,3,620,3,620,100,3,620
2015/09/08,3,590,3,590,3,590,3,590,100,3,590
2015/09/10,3,585,3,585,3,585,3,585,100,3,585
2015/09/14,3,560,3,585,3,560,3,585,700,3,585
2015/09/16,3,585,3,655,3,585,3,655,200,3,655
2015/09/17,3,585,3,625,3,585,3,585,400,3,585
2015/09/18,3,645,3,655,3,645,3,655,600,3,655
2015/09/24,3,655,3,660,3,655,3,655,1,000,3,655
2015/09/25,3,650,3,650,3,645,3,645,600,3,645
2015/10/01,3,545,3,545,3,545,3,545,100,3,545
2015/10/05,3,545,3,545,3,470,3,470,700,3,470
2015/10/07,3,410,3,410,3,410,3,410,100,3,410
