2011/06/03,386,386,381,381,75,000,381
2011/06/06,382,382,374,374,84,000,374
2011/06/07,374,383,372,383,127,000,383
2011/06/08,379,386,379,383,53,000,383
2011/06/09,380,381,378,378,59,000,378
2011/06/10,379,389,379,383,187,000,383
2011/06/13,379,383,378,381,59,000,381
2011/06/14,382,384,380,383,52,000,383
2011/06/15,383,385,379,380,74,000,380
2011/06/16,380,381,380,380,49,000,380
2011/06/17,381,381,373,376,126,000,376
2011/06/20,376,378,373,373,29,000,373
2011/06/21,372,372,369,372,66,000,372
2011/06/22,372,374,370,373,106,000,373
2011/06/23,373,374,372,373,62,000,373
2011/06/24,373,378,373,377,54,000,377
2011/06/27,379,379,375,375,66,000,375
2011/06/28,378,383,378,381,42,000,381
2011/06/29,385,387,384,387,47,000,387
2011/06/30,387,390,383,390,101,000,390
2015/08/24,624,634,602,603,172,000,603
2015/08/25,560,619,557,584,225,000,584
2015/08/26,584,621,583,617,210,000,617
2015/08/27,635,646,623,631,192,000,631
2015/08/28,640,674,640,668,166,000,668
2015/08/31,678,692,653,691,185,000,691
2015/09/01,684,684,652,652,122,000,652
2015/09/02,638,638,613,615,173,000,615
2015/09/03,620,644,615,618,179,000,618
2015/09/04,620,632,587,602,150,000,602
2015/09/07,584,620,584,605,90,000,605
2015/09/08,602,608,576,578,57,000,578
2015/09/09,596,631,596,628,163,000,628
2015/09/10,628,665,622,632,149,000,632
2015/09/11,623,659,623,641,249,000,641
2015/09/14,650,650,614,614,81,000,614
2015/09/15,621,630,592,605,116,000,605
2015/09/16,610,620,594,605,112,000,605
2015/09/17,615,615,594,601,99,000,601
2015/09/18,613,613,576,591,162,000,591
2015/09/24,586,594,575,576,159,000,576
2015/09/25,580,581,552,578,177,000,578
2015/09/28,3,020,3,020,2,880,2,949,22,400,2,949
2015/09/29,2,947,2,947,2,788,2,802,19,800,2,802
2015/09/30,2,832,2,930,2,832,2,919,15,900,2,919
2015/10/01,2,960,2,980,2,911,2,941,14,900,2,941
2015/10/02,3,015,3,090,2,982,3,040,32,800,3,040
2015/10/05,3,090,3,130,3,040,3,100,29,900,3,100
2015/10/06,3,140,3,170,3,070,3,085,24,300,3,085
2015/10/07,3,055,3,090,3,015,3,055,17,500,3,055
