2011/06/02,2,530,2,540,2,530,2,540,700,2,540
2011/06/03,2,547,2,547,2,532,2,545,1,100,2,545
2011/06/06,2,546,2,546,2,545,2,545,1,400,2,545
2011/06/08,2,536,2,536,2,534,2,534,500,2,534
2011/06/09,2,535,2,541,2,534,2,534,900,2,534
2011/06/10,2,540,2,540,2,535,2,535,400,2,535
2011/06/13,2,538,2,540,2,536,2,540,500,2,540
2011/06/14,2,541,2,544,2,539,2,539,1,000,2,539
2011/06/15,2,538,2,543,2,536,2,537,500,2,537
2011/06/16,2,536,2,538,2,536,2,536,600,2,536
2011/06/17,2,536,2,540,2,536,2,540,400,2,540
2011/06/20,2,578,2,578,2,541,2,543,1,500,2,543
2011/06/21,2,543,2,550,2,543,2,550,300,2,550
2011/06/22,2,550,2,550,2,545,2,550,1,000,2,550
2011/06/23,2,550,2,569,2,550,2,569,1,300,2,569
2011/06/24,2,569,2,569,2,561,2,569,1,000,2,569
2011/06/27,2,585,2,585,2,564,2,570,1,100,2,570
2011/06/28,2,579,2,595,2,579,2,595,1,200,2,595
2011/06/29,2,581,2,581,2,581,2,581,100,2,581
2011/06/30,2,590,2,599,2,587,2,599,1,100,2,599
2015/08/24,4,265,4,265,4,110,4,185,12,000,4,185
2015/08/25,3,980,4,250,3,890,4,200,16,700,4,200
2015/08/26,4,200,4,250,4,170,4,250,5,300,4,250
2015/08/27,4,380,4,380,4,320,4,355,4,400,4,355
2015/08/28,4,400,4,400,4,360,4,380,3,300,4,380
2015/08/31,4,395,4,395,4,340,4,365,3,300,4,365
2015/09/01,4,365,4,365,4,305,4,305,2,200,4,305
2015/09/02,4,210,4,300,4,210,4,235,3,400,4,235
2015/09/03,4,300,4,320,4,260,4,290,2,000,4,290
2015/09/04,4,270,4,280,4,240,4,240,2,700,4,240
2015/09/07,4,210,4,230,4,200,4,215,4,500,4,215
2015/09/08,4,215,4,215,4,110,4,150,3,400,4,150
2015/09/09,4,200,4,235,4,200,4,230,2,600,4,230
2015/09/10,4,200,4,220,4,180,4,200,2,300,4,200
2015/09/11,4,205,4,250,4,200,4,215,2,600,4,215
2015/09/14,4,215,4,240,4,205,4,205,4,600,4,205
2015/09/15,4,210,4,250,4,210,4,250,2,200,4,250
2015/09/16,4,270,4,280,4,235,4,235,2,900,4,235
2015/09/17,4,230,4,250,4,230,4,240,2,700,4,240
2015/09/18,4,250,4,295,4,250,4,295,4,600,4,295
2015/09/24,4,215,4,290,4,215,4,285,14,100,4,285
2015/09/25,4,290,4,345,4,280,4,345,9,700,4,345
