2011/06/03,434,434,417,417,4,200,417
2011/06/06,417,417,405,405,2,800,405
2011/06/07,403,403,379,394,13,600,394
2011/06/08,394,394,388,392,1,500,392
2011/06/09,398,402,389,394,4,900,394
2011/06/10,408,408,403,403,700,403
2011/06/13,404,404,398,402,1,800,402
2011/06/14,403,405,401,403,3,000,403
2011/06/15,396,397,392,392,4,600,392
2011/06/16,386,396,386,386,2,000,386
2011/06/17,390,394,388,390,1,000,390
2011/06/20,440,440,406,411,11,300,411
2011/06/21,406,406,401,401,400,401
2011/06/22,406,406,403,403,1,200,403
2011/06/23,403,405,400,403,1,800,403
2011/06/24,419,419,412,418,1,700,418
2011/06/27,403,403,403,403,400,403
2011/06/28,413,429,413,429,900,429
2011/06/29,420,430,420,430,1,600,430
2011/06/30,425,430,425,430,1,400,430
2015/08/24,944,1,023,941,1,010,83,000,1,010
2015/08/25,990,1,000,916,992,90,500,992
2015/08/26,995,1,044,984,1,038,56,100,1,038
2015/08/27,1,050,1,050,1,005,1,011,38,900,1,011
2015/08/28,1,021,1,055,1,021,1,048,29,400,1,048
2015/08/31,1,071,1,092,1,051,1,087,57,300,1,087
2015/09/01,1,092,1,095,1,071,1,085,53,500,1,085
2015/09/02,1,058,1,086,1,042,1,074,47,000,1,074
2015/09/03,1,080,1,090,1,069,1,080,16,200,1,080
2015/09/04,1,087,1,094,1,055,1,070,28,400,1,070
2015/09/07,1,070,1,076,1,061,1,065,23,600,1,065
2015/09/08,1,061,1,065,1,033,1,052,22,700,1,052
2015/09/09,1,078,1,151,1,078,1,151,98,300,1,151
2015/09/10,1,128,1,128,1,078,1,109,27,400,1,109
2015/09/11,1,090,1,148,1,085,1,130,53,100,1,130
2015/09/14,1,128,1,128,1,061,1,075,35,200,1,075
2015/09/15,1,084,1,085,1,072,1,078,15,100,1,078
2015/09/16,1,082,1,120,1,065,1,077,41,500,1,077
2015/09/17,1,061,1,073,1,050,1,065,22,500,1,065
2015/09/18,1,051,1,066,1,030,1,053,12,400,1,053
2015/09/24,1,042,1,050,1,009,1,013,19,600,1,013
2015/09/25,1,008,1,035,973,1,035,28,000,1,035
2015/09/28,1,019,1,019,998,1,014,19,600,1,014
2015/09/29,989,1,007,967,988,26,400,988
2015/09/30,985,995,950,994,35,200,994
2015/10/01,1,002,1,002,975,983,18,600,983
2015/10/02,982,982,943,961,27,500,961
2015/10/05,989,998,971,977,28,800,977
2015/10/06,971,988,967,969,32,600,969
2015/10/07,975,978,960,978,13,600,978
