2011/06/01,707,707,707,707,200,707
2011/06/02,705,705,705,705,300,705
2011/06/06,717,718,710,710,1,700,710
2011/06/07,705,705,704,704,400,704
2011/06/08,712,717,712,717,300,717
2011/06/09,702,702,702,702,1,200,702
2011/06/13,710,716,710,716,700,716
2011/06/14,717,735,717,735,1,900,735
2011/06/15,729,729,729,729,4,100,729
2011/06/16,721,721,710,710,700,710
2011/06/17,714,714,714,714,100,714
2011/06/20,729,730,720,720,12,100,720
2011/06/21,720,720,720,720,700,720
2011/06/22,722,722,722,722,200,722
2011/06/23,720,744,720,744,600,744
2011/06/24,729,734,729,734,800,734
2011/06/27,720,729,720,728,600,728
2011/06/28,713,729,713,729,400,729
2011/06/29,714,739,714,739,600,739
2011/06/30,737,737,737,737,600,737
2015/08/24,708,714,684,706,9,000,706
2015/08/25,705,705,684,692,4,800,692
2015/08/26,699,734,699,734,1,000,734
2015/08/27,730,730,710,720,2,300,720
2015/08/28,731,731,720,724,1,100,724
2015/08/31,725,725,718,725,1,600,725
2015/09/01,718,718,712,718,500,718
2015/09/02,720,720,712,716,1,000,716
2015/09/03,716,722,715,715,1,200,715
2015/09/04,718,718,718,718,1,200,718
2015/09/07,717,717,711,715,1,400,715
2015/09/08,709,709,700,704,3,100,704
2015/09/09,704,710,704,704,3,600,704
2015/09/10,707,712,698,712,1,000,712
2015/09/11,712,712,712,712,200,712
2015/09/14,711,711,706,706,400,706
2015/09/15,706,710,705,710,4,500,710
2015/09/16,710,710,710,710,200,710
2015/09/17,710,710,709,709,200,709
2015/09/18,709,709,699,708,1,500,708
2015/09/24,706,706,697,704,300,704
2015/09/25,704,706,704,706,600,706
