2011/06/03,762,768,750,751,2,611,400,751
2011/06/06,749,754,742,746,1,937,400,746
2011/06/07,746,765,743,765,1,891,300,765
2011/06/08,760,767,756,761,1,679,200,761
2011/06/09,756,759,750,755,1,675,100,755
2011/06/10,764,768,758,762,3,655,600,762
2011/06/13,758,763,750,760,1,726,600,760
2011/06/14,760,773,759,767,1,549,400,767
2011/06/15,773,774,763,763,1,619,600,763
2011/06/16,755,758,733,736,3,915,400,736
2011/06/17,743,743,733,735,2,463,800,735
2011/06/20,737,744,733,733,1,431,700,733
2011/06/21,745,746,735,745,1,614,600,745
2011/06/22,755,757,748,750,2,401,200,750
2011/06/23,746,755,744,745,1,341,700,745
2011/06/24,740,743,734,736,2,344,300,736
2011/06/27,737,738,730,731,1,677,200,731
2011/06/28,730,733,725,728,1,967,200,728
2011/06/29,737,738,728,735,1,617,900,735
2011/06/30,741,746,738,744,2,090,700,744
2015/08/24,1,062,1,063,1,003,1,010,2,815,800,1,010
2015/08/25,981,994,950,968,3,338,500,968
2015/08/26,963,1,005,950,1,003,2,518,400,1,003
2015/08/27,1,010,1,013,985,992,2,189,700,992
2015/08/28,1,020,1,050,1,018,1,040,1,738,900,1,040
2015/08/31,1,049,1,052,1,020,1,037,1,225,400,1,037
2015/09/01,1,036,1,038,1,005,1,006,1,229,300,1,006
2015/09/02,990,993,962,962,2,403,100,962
2015/09/03,960,973,952,963,1,605,000,963
2015/09/04,957,963,936,948,2,047,900,948
2015/09/07,945,966,931,957,1,925,800,957
2015/09/08,956,968,940,950,1,594,900,950
2015/09/09,980,1,021,976,1,021,2,214,600,1,021
2015/09/10,991,995,974,992,1,653,100,992
2015/09/11,977,987,975,982,2,796,800,982
2015/09/14,982,982,958,972,1,379,500,972
2015/09/15,973,986,964,971,1,205,200,971
2015/09/16,973,983,962,975,932,000,975
2015/09/17,988,993,972,977,769,200,977
2015/09/18,977,979,959,972,1,068,500,972
2015/09/24,966,972,956,956,1,004,800,956
2015/09/25,960,970,951,963,1,410,700,963
