2011/06/03,991,997,972,973,1,011,000,973
2011/06/06,980,984,973,982,857,000,982
2011/06/07,983,1,010,983,1,010,1,743,000,1,010
2011/06/08,1,008,1,009,1,001,1,006,799,000,1,006
2011/06/09,1,001,1,004,997,1,004,507,000,1,004
2011/06/10,1,005,1,010,1,000,1,006,1,135,000,1,006
2011/06/13,998,1,003,992,997,708,000,997
2011/06/14,994,1,009,993,1,005,930,000,1,005
2011/06/15,1,006,1,008,1,003,1,006,402,000,1,006
2011/06/16,1,001,1,004,996,997,811,000,997
2011/06/17,1,000,1,003,996,1,000,1,280,000,1,000
2011/06/20,1,000,1,004,997,998,768,000,998
2011/06/21,1,002,1,003,996,1,003,733,000,1,003
2011/06/22,1,003,1,019,1,000,1,019,1,165,000,1,019
2011/06/23,1,010,1,020,1,010,1,015,749,000,1,015
2011/06/24,1,014,1,019,1,014,1,017,1,266,000,1,017
2011/06/27,1,015,1,016,1,005,1,008,2,142,000,1,008
2011/06/28,998,999,983,985,1,953,000,985
2011/06/29,987,989,966,975,1,583,000,975
2011/06/30,982,989,978,988,1,130,000,988
2015/08/24,1,118,1,133,1,090,1,101,3,398,000,1,101
2015/08/25,1,065,1,137,1,048,1,119,4,573,000,1,119
2015/08/26,1,131,1,142,1,106,1,120,3,792,000,1,120
2015/08/27,1,143,1,164,1,131,1,151,3,233,000,1,151
2015/08/28,1,185,1,198,1,178,1,197,4,117,000,1,197
2015/08/31,1,205,1,217,1,182,1,210,2,836,000,1,210
2015/09/01,1,210,1,218,1,184,1,185,1,805,000,1,185
2015/09/02,1,150,1,177,1,142,1,154,1,746,000,1,154
2015/09/03,1,159,1,180,1,141,1,145,2,855,000,1,145
2015/09/04,1,158,1,160,1,134,1,145,2,137,000,1,145
2015/09/07,1,143,1,177,1,136,1,160,3,249,000,1,160
2015/09/08,1,160,1,180,1,145,1,149,1,701,000,1,149
2015/09/09,1,180,1,195,1,172,1,195,2,043,000,1,195
2015/09/10,1,186,1,188,1,164,1,183,2,359,000,1,183
2015/09/11,1,167,1,186,1,161,1,175,1,947,000,1,175
2015/09/14,1,175,1,175,1,159,1,168,1,727,000,1,168
2015/09/15,1,180,1,192,1,166,1,179,1,224,000,1,179
2015/09/16,1,185,1,190,1,173,1,179,1,271,000,1,179
2015/09/17,1,193,1,216,1,183,1,201,2,766,000,1,201
2015/09/18,1,191,1,198,1,162,1,170,2,780,000,1,170
2015/09/24,1,149,1,156,1,120,1,140,2,798,000,1,140
2015/09/25,1,149,1,151,1,128,1,151,1,987,000,1,151
2015/09/28,1,165,1,165,1,139,1,146,1,825,000,1,146
2015/09/29,1,133,1,137,1,112,1,119,2,032,000,1,119
2015/09/30,1,138,1,162,1,124,1,157,1,916,000,1,157
2015/10/01,1,160,1,212,1,155,1,206,2,839,000,1,206
2015/10/02,1,187,1,208,1,181,1,195,1,951,000,1,195
2015/10/05,1,205,1,231,1,205,1,223,1,659,000,1,223
2015/10/06,1,250,1,250,1,225,1,226,1,513,000,1,226
2015/10/07,1,235,1,267,1,229,1,261,2,080,000,1,261
2015/10/08,1,255,1,261,1,235,1,248,1,943,000,1,248
