2011/06/03,8,810,8,890,8,580,8,600,138,400,2,150
2011/06/06,8,630,8,800,8,600,8,720,174,400,2,180
2011/06/08,8,970,9,090,8,940,9,020,133,600,2,255
2011/06/15,8,710,8,860,8,680,8,800,152,900,2,200
2011/06/16,8,650,8,740,8,630,8,660,153,900,2,165
2011/06/17,8,650,8,670,8,450,8,520,154,800,2,130
2011/06/21,8,420,8,430,8,190,8,300,145,300,2,075
2011/06/22,8,360,8,450,8,310,8,440,135,700,2,110
2011/06/23,8,380,8,550,8,380,8,420,165,200,2,105
2011/06/29,8,500,8,500,8,380,8,480,102,200,2,120
2011/06/30,8,610,8,640,8,480,8,560,173,200,2,140
2015/08/24,2,050,2,063,1,985,1,989,954,300,1,989
2015/08/25,1,888,1,984,1,853,1,918,1,053,500,1,918
2015/08/26,1,914,1,943,1,867,1,933,902,700,1,933
2015/08/27,2,000,2,006,1,948,1,949,791,400,1,949
2015/08/28,2,009,2,097,2,000,2,065,1,548,200,2,065
2015/08/31,2,100,2,100,2,034,2,078,945,700,2,078
2015/09/01,2,100,2,129,2,003,2,003,1,147,700,2,003
2015/09/02,1,955,1,996,1,917,1,921,1,151,400,1,921
2015/09/03,1,930,1,973,1,930,1,970,1,065,600,1,970
2015/09/04,1,970,1,971,1,908,1,927,982,700,1,927
2015/09/07,1,900,1,951,1,881,1,902,795,800,1,902
2015/09/08,1,906,1,955,1,898,1,905,618,700,1,905
2015/09/09,1,971,2,005,1,961,1,994,779,100,1,994
2015/09/10,1,961,1,967,1,925,1,963,722,400,1,963
2015/09/11,1,940,1,955,1,917,1,931,704,300,1,931
2015/09/14,1,925,1,932,1,885,1,908,679,800,1,908
2015/09/15,1,918,1,944,1,890,1,895,516,000,1,895
2015/09/16,1,919,1,942,1,905,1,928,382,700,1,928
2015/09/17,1,929,1,957,1,911,1,927,595,600,1,927
2015/09/18,1,896,1,917,1,886,1,906,770,300,1,906
2015/09/24,1,909,1,912,1,872,1,880,915,000,1,880
2015/09/25,1,916,1,916,1,867,1,886,717,200,1,886
