2011/06/03,932,936,917,924,846,000,924
2011/06/06,925,934,922,934,830,800,934
2011/06/07,936,962,926,962,2,286,400,962
2011/06/08,971,987,959,985,2,587,600,985
2011/06/09,980,994,971,987,1,307,800,987
2011/06/10,984,986,966,980,1,572,700,980
2011/06/13,965,965,942,961,1,701,300,961
2011/06/14,946,966,939,963,1,548,200,963
2011/06/15,964,968,950,966,1,255,500,966
2011/06/16,958,962,938,943,1,320,500,943
2011/06/17,956,957,935,942,1,287,700,942
2011/06/20,942,947,936,941,771,500,941
2011/06/21,940,945,931,945,821,000,945
2011/06/22,940,958,933,955,1,191,100,955
2011/06/23,956,956,944,947,1,208,600,947
2011/06/24,943,958,940,954,1,277,000,954
2011/06/27,942,957,941,953,742,500,953
2011/06/28,958,968,953,957,1,138,100,957
2011/06/29,965,970,960,965,1,217,900,965
2011/06/30,969,975,963,970,1,004,300,970
2015/08/24,1,701,1,721,1,659,1,666,2,125,300,1,666
2015/08/25,1,599,1,712,1,593,1,639,2,664,700,1,639
2015/08/26,1,640,1,675,1,640,1,661,1,995,400,1,661
2015/08/27,1,661,1,708,1,653,1,684,1,739,200,1,684
2015/08/28,1,724,1,735,1,710,1,725,1,544,500,1,725
2015/08/31,1,730,1,749,1,702,1,718,1,060,300,1,718
2015/09/01,1,701,1,704,1,619,1,624,1,756,100,1,624
2015/09/02,1,594,1,636,1,582,1,595,1,489,700,1,595
2015/09/03,1,600,1,640,1,600,1,615,927,600,1,615
2015/09/04,1,638,1,646,1,567,1,576,890,700,1,576
2015/09/07,1,566,1,605,1,544,1,587,1,061,300,1,587
2015/09/08,1,586,1,627,1,572,1,580,942,900,1,580
2015/09/09,1,627,1,712,1,627,1,709,2,263,600,1,709
2015/09/10,1,669,1,717,1,661,1,716,1,393,400,1,716
2015/09/11,1,676,1,711,1,670,1,692,1,127,000,1,692
2015/09/14,1,706,1,719,1,672,1,681,648,400,1,681
2015/09/15,1,683,1,741,1,676,1,705,1,463,400,1,705
2015/09/16,1,733,1,770,1,725,1,761,1,620,800,1,761
2015/09/17,1,775,1,805,1,774,1,805,1,527,700,1,805
2015/09/18,1,771,1,771,1,733,1,755,1,819,100,1,755
2015/09/24,1,750,1,751,1,674,1,677,1,641,500,1,677
2015/09/25,1,677,1,692,1,641,1,674,1,222,800,1,674
2015/09/28,1,679,1,679,1,639,1,656,1,241,300,1,656
2015/09/29,1,639,1,640,1,607,1,621,1,460,500,1,621
2015/09/30,1,650,1,675,1,640,1,656,1,532,600,1,656
2015/10/01,1,653,1,664,1,623,1,642,2,735,100,1,642
2015/10/02,1,616,1,689,1,610,1,685,1,591,300,1,685
2015/10/05,1,707,1,719,1,690,1,704,964,800,1,704
2015/10/06,1,717,1,723,1,681,1,685,1,645,200,1,685
2015/10/07,1,699,1,731,1,683,1,715,1,053,100,1,715
