2011/06/01,844,845,836,838,8,000,838
2011/06/03,830,834,830,834,2,000,834
2011/06/06,835,835,835,835,1,000,835
2011/06/08,825,830,824,830,5,000,830
2011/06/09,825,825,820,820,7,000,820
2011/06/10,820,820,820,820,14,000,820
2011/06/13,790,805,790,805,3,000,805
2011/06/14,798,805,796,805,4,000,805
2011/06/15,810,824,810,824,5,000,824
2011/06/16,824,825,824,825,3,000,825
2011/06/17,824,830,824,827,5,000,827
2011/06/20,821,826,815,815,5,000,815
2011/06/21,816,816,816,816,2,000,816
2011/06/22,817,830,817,825,8,000,825
2011/06/23,817,820,817,818,5,000,818
2011/06/24,820,823,819,823,12,000,823
2011/06/27,838,838,835,835,5,000,835
2011/06/28,837,879,837,864,10,000,864
2011/06/29,864,885,861,879,4,900,879
2011/06/30,882,893,877,889,6,300,889
2015/08/24,1,950,1,971,1,910,1,963,4,400,1,963
2015/08/25,1,923,1,928,1,750,1,750,5,200,1,750
2015/08/26,1,803,1,900,1,802,1,860,1,900,1,860
2015/08/27,1,913,1,913,1,834,1,834,2,400,1,834
2015/08/28,1,860,1,900,1,860,1,860,1,200,1,860
2015/08/31,1,893,1,893,1,862,1,876,1,700,1,876
2015/09/01,1,854,1,886,1,764,1,790,1,800,1,790
2015/09/02,1,786,1,798,1,736,1,760,1,400,1,760
2015/09/03,1,760,1,785,1,760,1,760,4,700,1,760
2015/09/04,1,760,1,765,1,734,1,740,3,100,1,740
2015/09/07,1,775,1,775,1,730,1,730,1,000,1,730
2015/09/08,1,770,1,770,1,770,1,770,100,1,770
2015/09/09,1,795,1,809,1,774,1,809,4,000,1,809
2015/09/10,1,849,1,849,1,840,1,849,2,400,1,849
2015/09/11,1,845,1,845,1,825,1,825,300,1,825
2015/09/14,1,826,1,827,1,789,1,808,1,100,1,808
2015/09/15,1,808,1,826,1,795,1,800,3,100,1,800
2015/09/16,1,783,1,789,1,783,1,787,900,1,787
2015/09/17,1,826,1,826,1,790,1,790,900,1,790
2015/09/18,1,792,1,793,1,786,1,786,1,000,1,786
2015/09/24,1,783,1,783,1,734,1,760,5,000,1,760
2015/09/25,1,769,1,769,1,731,1,750,2,600,1,750
2015/09/28,1,750,1,776,1,736,1,760,2,200,1,760
2015/09/29,1,747,1,747,1,742,1,744,1,500,1,744
2015/09/30,1,761,1,770,1,752,1,755,1,800,1,755
2015/10/01,1,752,1,753,1,752,1,752,500,1,752
2015/10/02,1,751,1,751,1,665,1,712,34,200,1,712
2015/10/05,1,755,1,757,1,717,1,725,1,800,1,725
2015/10/06,1,758,1,772,1,758,1,760,3,500,1,760
2015/10/07,1,788,1,805,1,788,1,805,900,1,805
2015/10/08,1,800,1,809,1,799,1,809,1,200,1,809
