2011/06/03,953,962,925,933,140,700,933
2011/06/06,925,934,916,930,119,700,930
2011/06/07,930,930,919,929,194,900,929
2011/06/08,932,956,930,956,139,800,956
2011/06/09,950,957,939,956,119,900,956
2011/06/10,967,969,934,963,373,700,963
2011/06/13,945,968,940,950,236,300,950
2011/06/14,939,959,921,947,247,000,947
2011/06/15,954,965,937,957,242,500,957
2011/06/16,956,985,954,971,340,500,971
2011/06/17,984,984,945,969,285,300,969
2011/06/20,971,987,965,978,289,400,978
2011/06/21,990,1,000,966,986,285,900,986
2011/06/22,991,1,007,984,997,185,900,997
2011/06/23,999,1,005,990,994,201,200,994
2011/06/24,1,004,1,014,1,000,1,012,176,200,1,012
2011/06/27,1,010,1,010,991,1,000,97,400,1,000
2011/06/28,1,015,1,024,1,011,1,023,185,000,1,023
2011/06/29,1,033,1,042,1,031,1,036,165,500,1,036
2011/06/30,1,043,1,073,1,034,1,071,298,100,1,071
2015/08/24,968,988,953,953,177,600,953
2015/08/25,910,952,896,912,237,400,912
2015/08/26,912,956,906,951,319,900,951
2015/08/27,963,969,938,942,186,400,942
2015/08/28,980,1,011,975,1,003,245,400,1,003
2015/08/31,1,002,1,028,995,1,019,278,700,1,019
2015/09/01,1,015,1,024,996,1,005,344,700,1,005
2015/09/02,987,1,014,972,980,254,900,980
2015/09/03,995,1,030,991,1,013,193,900,1,013
2015/09/04,1,021,1,025,980,988,183,200,988
2015/09/07,977,984,959,969,133,800,969
2015/09/08,970,988,968,970,87,900,970
2015/09/09,1,007,1,013,993,1,012,106,300,1,012
2015/09/10,989,1,017,980,1,011,92,300,1,011
2015/09/11,981,1,006,981,990,160,300,990
2015/09/14,1,009,1,020,980,1,008,120,400,1,008
2015/09/15,1,013,1,050,1,011,1,022,137,100,1,022
2015/09/16,1,036,1,048,1,029,1,044,64,100,1,044
2015/09/17,1,050,1,067,1,039,1,064,107,400,1,064
2015/09/18,1,075,1,079,1,053,1,061,185,600,1,061
2015/09/24,1,035,1,046,1,022,1,022,91,600,1,022
2015/09/25,1,028,1,038,1,007,1,038,99,600,1,038
2015/09/28,1,035,1,040,1,020,1,026,108,400,1,026
2015/09/29,1,008,1,024,1,000,1,007,133,700,1,007
2015/09/30,1,020,1,047,1,005,1,040,160,200,1,040
2015/10/01,1,053,1,064,1,042,1,058,117,100,1,058
2015/10/02,1,048,1,048,1,018,1,034,150,800,1,034
2015/10/05,1,032,1,034,978,989,417,200,989
2015/10/06,1,004,1,009,984,986,291,800,986
2015/10/07,991,1,017,990,1,007,427,900,1,007
2015/10/08,1,004,1,048,1,004,1,009,333,700,1,009
2015/10/09,1,024,1,073,1,009,1,052,526,700,1,052
