2011/06/01,206,212,206,212,2,000,212
2011/06/02,212,213,212,212,5,000,212
2011/06/03,214,214,207,207,7,000,207
2011/06/06,207,207,207,207,1,000,207
2011/06/07,207,207,207,207,1,000,207
2011/06/08,207,207,207,207,1,000,207
2011/06/09,207,207,206,206,2,000,206
2011/06/10,208,208,207,207,2,000,207
2011/06/13,205,205,205,205,3,000,205
2011/06/14,204,205,204,204,13,000,204
2011/06/15,205,205,204,205,4,000,205
2011/06/17,203,204,201,204,8,000,204
2011/06/20,201,202,201,201,12,000,201
2011/06/21,201,201,201,201,1,000,201
2011/06/22,202,203,202,203,2,000,203
2011/06/23,202,202,202,202,8,000,202
2011/06/24,203,203,203,203,2,000,203
2011/06/27,202,203,202,203,10,000,203
2011/06/28,205,205,202,202,3,000,202
2011/06/29,203,204,203,204,6,000,204
2015/08/24,999,1,000,953,953,128,000,953
2015/08/25,908,1,000,891,915,142,000,915
2015/08/26,920,940,850,920,235,000,920
2015/08/27,958,985,953,970,66,000,970
2015/08/28,979,1,040,979,1,020,132,000,1,020
2015/08/31,1,020,1,054,1,003,1,054,81,000,1,054
2015/09/01,1,048,1,056,1,005,1,005,124,000,1,005
2015/09/02,996,1,030,970,1,019,53,000,1,019
2015/09/03,1,010,1,016,980,980,66,000,980
2015/09/04,995,999,890,949,160,000,949
2015/09/07,919,964,910,936,61,000,936
2015/09/08,936,940,890,909,54,000,909
2015/09/09,940,951,926,948,45,000,948
2015/09/10,943,953,930,944,16,000,944
2015/09/11,944,997,944,992,79,000,992
2015/09/14,977,995,970,975,31,000,975
2015/09/15,975,989,973,989,11,000,989
2015/09/16,989,989,948,977,24,000,977
2015/09/17,980,988,954,988,24,000,988
2015/09/18,964,988,960,988,21,000,988
2015/09/24,973,994,953,982,45,000,982
2015/09/25,967,988,967,980,47,000,980
