2011/06/03,223,223,214,214,3,815,000,214
2011/06/06,212,215,203,213,1,629,000,213
2011/06/07,212,217,210,215,1,382,000,215
2011/06/08,216,220,214,219,1,898,000,219
2011/06/09,220,223,217,220,1,926,000,220
2011/06/10,221,223,219,220,1,541,000,220
2011/06/13,219,227,218,221,3,183,000,221
2011/06/14,224,228,222,228,2,036,000,228
2011/06/15,226,229,224,225,1,659,000,225
2011/06/16,223,226,221,221,1,132,000,221
2011/06/17,221,222,217,220,1,298,000,220
2011/06/20,217,220,216,216,936,000,216
2011/06/21,221,225,217,221,1,454,000,221
2011/06/22,223,228,222,228,1,326,000,228
2011/06/23,225,227,222,224,1,323,000,224
2011/06/24,224,228,224,227,1,093,000,227
2011/06/27,225,228,224,225,569,000,225
2011/06/28,227,231,225,228,1,354,000,228
2011/06/29,231,244,231,243,4,611,000,243
2011/06/30,243,243,238,241,1,771,000,241
2015/08/24,310,320,298,298,1,734,000,298
2015/08/25,276,305,271,287,1,958,000,287
2015/08/26,293,301,288,294,2,138,000,294
2015/08/27,297,303,292,292,2,032,000,292
2015/08/28,300,302,296,299,1,613,000,299
2015/08/31,300,313,300,307,1,327,000,307
2015/09/01,300,300,288,288,1,997,000,288
2015/09/02,284,311,282,304,2,704,000,304
2015/09/03,306,327,306,325,3,847,000,325
2015/09/04,324,331,310,317,2,985,000,317
2015/09/07,310,313,303,307,1,160,000,307
2015/09/08,305,310,293,295,1,157,000,295
2015/09/09,307,314,305,307,2,008,000,307
2015/09/10,303,316,300,314,1,340,000,314
2015/09/11,308,316,308,310,807,000,310
2015/09/14,308,310,296,299,1,429,000,299
2015/09/15,299,302,286,289,1,845,000,289
2015/09/16,291,291,285,289,1,046,000,289
2015/09/17,289,295,286,294,984,000,294
2015/09/18,289,292,286,289,842,000,289
2015/09/24,281,288,277,277,961,000,277
2015/09/25,274,282,273,282,979,000,282
2015/09/28,283,284,276,280,706,000,280
2015/09/29,275,275,265,266,927,000,266
2015/09/30,269,277,269,277,843,000,277
2015/10/01,279,283,275,279,1,015,000,279
2015/10/02,276,284,275,280,507,000,280
2015/10/05,285,294,283,290,960,000,290
2015/10/06,297,298,286,288,758,000,288
2015/10/07,285,291,283,287,694,000,287
2015/10/08,288,289,284,285,808,000,285
