2011/06/03,1,072,1,075,1,057,1,059,564,000,1,059
2011/06/06,1,058,1,061,1,046,1,054,493,000,1,054
2011/06/07,1,043,1,066,1,043,1,054,683,000,1,054
2011/06/08,1,057,1,065,1,051,1,065,701,000,1,065
2011/06/09,1,058,1,058,1,050,1,056,440,000,1,056
2011/06/10,1,058,1,070,1,055,1,065,950,000,1,065
2011/06/13,1,060,1,060,1,050,1,051,359,000,1,051
2011/06/14,1,050,1,061,1,045,1,060,375,000,1,060
2011/06/15,1,052,1,061,1,045,1,060,457,000,1,060
2011/06/16,1,048,1,056,1,047,1,052,557,000,1,052
2011/06/17,1,062,1,069,1,059,1,068,1,011,000,1,068
2011/06/20,1,069,1,080,1,066,1,070,849,000,1,070
2011/06/21,1,071,1,077,1,060,1,076,776,000,1,076
2011/06/22,1,076,1,100,1,074,1,100,956,000,1,100
2011/06/23,1,085,1,104,1,084,1,098,560,000,1,098
2011/06/24,1,096,1,113,1,093,1,113,561,000,1,113
2011/06/27,1,110,1,112,1,096,1,096,676,000,1,096
2011/06/28,1,103,1,107,1,090,1,095,697,000,1,095
2011/06/29,1,104,1,112,1,103,1,111,404,000,1,111
2011/06/30,1,118,1,125,1,095,1,107,911,000,1,107
2015/08/24,3,080,3,100,2,965,2,965,1,027,300,2,965
2015/08/25,2,910,3,025,2,860,2,860,1,182,500,2,860
2015/08/26,2,840,2,967,2,834,2,936,926,000,2,936
2015/08/27,3,060,3,090,2,932,2,960,1,125,900,2,960
2015/08/28,3,040,3,060,2,974,3,025,655,500,3,025
2015/08/31,3,030,3,040,2,955,2,982,757,700,2,982
2015/09/01,2,935,2,959,2,849,2,849,993,000,2,849
2015/09/02,2,787,2,866,2,766,2,814,727,900,2,814
2015/09/03,2,823,2,918,2,805,2,846,1,009,700,2,846
2015/09/04,2,878,2,887,2,726,2,763,761,400,2,763
2015/09/07,2,723,2,790,2,673,2,760,558,900,2,760
2015/09/08,2,750,2,873,2,744,2,814,1,180,800,2,814
2015/09/09,2,864,2,940,2,849,2,940,778,400,2,940
2015/09/10,2,862,2,899,2,844,2,884,539,800,2,884
2015/09/11,2,884,2,902,2,841,2,851,746,200,2,851
2015/09/14,2,864,2,869,2,776,2,791,741,300,2,791
2015/09/15,2,831,2,924,2,803,2,853,905,800,2,853
2015/09/16,2,900,2,979,2,889,2,948,1,247,500,2,948
2015/09/17,2,967,2,997,2,948,2,974,685,300,2,974
2015/09/18,2,934,2,937,2,876,2,923,760,500,2,923
2015/09/24,2,873,2,880,2,738,2,805,1,529,100,2,805
2015/09/25,2,828,2,905,2,820,2,898,1,013,700,2,898
