2011/06/03,321,323,315,316,181,000,316
2011/06/06,314,319,313,314,78,000,314
2011/06/07,315,321,315,318,110,000,318
2011/06/08,316,316,314,314,41,000,314
2011/06/09,315,317,312,317,71,000,317
2011/06/10,320,325,317,321,233,000,321
2011/06/13,318,318,311,313,114,000,313
2011/06/14,313,317,312,317,60,000,317
2011/06/15,317,317,312,313,56,000,313
2011/06/16,313,317,311,314,80,000,314
2011/06/17,313,314,304,304,111,000,304
2011/06/20,305,309,305,306,77,000,306
2011/06/21,307,308,306,308,63,000,308
2011/06/22,316,319,316,319,112,000,319
2011/06/23,316,320,315,317,78,000,317
2011/06/24,317,322,317,322,49,000,322
2011/06/27,320,321,316,316,105,000,316
2011/06/28,324,333,324,327,260,000,327
2011/06/29,335,336,328,334,157,000,334
2011/06/30,333,338,332,338,159,000,338
2015/08/24,504,526,500,500,288,000,500
2015/08/25,485,499,476,480,408,000,480
2015/08/26,481,495,469,492,510,000,492
2015/08/27,500,503,487,489,212,000,489
2015/08/28,501,522,499,517,171,000,517
2015/08/31,517,524,510,518,174,000,518
2015/09/01,511,517,503,503,259,000,503
2015/09/02,486,502,486,488,244,000,488
2015/09/03,492,501,492,494,134,000,494
2015/09/04,501,515,492,503,232,000,503
2015/09/07,504,509,488,506,262,000,506
2015/09/08,503,520,500,502,174,000,502
2015/09/09,504,516,501,511,271,000,511
2015/09/10,511,517,502,508,228,000,508
2015/09/11,490,502,485,487,732,000,487
2015/09/14,487,493,468,469,465,000,469
2015/09/15,470,477,439,442,876,000,442
2015/09/16,445,458,445,452,387,000,452
2015/09/17,456,466,452,457,275,000,457
2015/09/18,454,458,445,447,254,000,447
2015/09/24,440,450,437,440,210,000,440
2015/09/25,441,453,441,450,179,000,450
2015/09/28,2,216,2,294,2,197,2,281,78,500,2,281
2015/09/29,2,200,2,231,2,132,2,136,107,500,2,136
2015/09/30,2,150,2,250,2,150,2,228,62,200,2,228
2015/10/01,2,245,2,294,2,214,2,218,75,600,2,218
2015/10/02,2,190,2,235,2,164,2,228,41,000,2,228
2015/10/05,2,260,2,305,2,211,2,274,39,200,2,274
2015/10/06,2,271,2,325,2,266,2,292,61,700,2,292
2015/10/07,2,328,2,383,2,313,2,368,65,900,2,368
