2011/06/03,131,500,131,500,130,600,130,600,11,1,306
2011/06/06,130,600,131,000,130,500,131,000,13,1,310
2011/06/07,130,500,130,500,130,100,130,200,21,1,302
2011/06/08,130,200,130,300,130,000,130,000,27,1,300
2011/06/09,130,000,131,000,129,900,130,000,27,1,300
2011/06/10,130,000,130,500,129,900,129,900,18,1,299
2011/06/13,129,900,130,000,129,800,130,000,15,1,300
2011/06/14,130,000,132,500,130,000,130,900,41,1,309
2011/06/15,131,900,131,900,130,800,131,000,17,1,310
2011/06/16,131,700,132,000,131,700,132,000,6,1,320
2011/06/17,132,300,133,000,131,600,131,600,14,1,316
2011/06/20,132,900,132,900,131,600,131,600,13,1,316
2011/06/21,132,600,133,000,131,800,131,800,14,1,318
2011/06/22,133,200,137,000,133,000,135,200,24,1,352
2011/06/23,135,200,135,900,134,000,134,200,8,1,342
2011/06/24,133,100,136,900,133,100,135,200,24,1,352
2011/06/27,136,400,138,000,136,400,138,000,47,1,380
2011/06/28,139,800,139,800,138,000,139,000,39,1,390
2011/06/29,139,700,140,900,139,700,140,000,27,1,400
2011/06/30,140,400,141,300,138,600,140,500,22,1,405
2015/08/24,990,997,970,971,33,100,971
2015/08/25,950,1,017,935,998,28,900,998
2015/08/26,1,000,1,025,993,1,025,16,900,1,025
2015/08/27,1,038,1,040,1,021,1,030,6,500,1,030
2015/08/28,1,037,1,042,1,022,1,034,7,400,1,034
2015/08/31,1,030,1,030,1,008,1,008,11,300,1,008
2015/09/01,1,014,1,018,1,003,1,004,6,600,1,004
2015/09/02,1,005,1,015,996,1,003,8,000,1,003
2015/09/03,1,018,1,021,1,018,1,021,900,1,021
2015/09/04,1,017,1,021,995,995,5,300,995
2015/09/07,992,1,003,992,992,5,500,992
2015/09/08,993,997,993,995,1,900,995
2015/09/09,998,1,007,998,1,004,3,200,1,004
2015/09/10,1,003,1,008,990,1,008,2,000,1,008
2015/09/11,1,007,1,013,1,006,1,012,2,700,1,012
2015/09/14,1,020,1,025,1,019,1,024,2,400,1,024
2015/09/15,1,024,1,035,1,020,1,029,1,200,1,029
2015/09/16,1,021,1,025,1,018,1,018,1,500,1,018
2015/09/17,1,018,1,026,1,006,1,015,1,800,1,015
2015/09/18,1,026,1,026,1,000,1,001,2,400,1,001
2015/09/24,1,019,1,028,1,010,1,011,1,300,1,011
2015/09/25,1,022,1,022,1,006,1,008,1,600,1,008
