2011/06/03,211,213,204,207,1,282,500,207
2011/06/06,206,208,202,202,1,205,000,202
2011/06/07,201,205,199,203,809,500,203
2011/06/08,202,203,200,203,627,000,203
2011/06/09,202,205,199,205,768,000,205
2011/06/10,208,213,208,211,1,817,500,211
2011/06/13,206,209,204,205,912,500,205
2011/06/14,203,209,203,209,601,500,209
2011/06/15,213,214,208,209,611,000,209
2011/06/16,206,209,205,206,744,000,206
2011/06/17,206,207,201,203,818,500,203
2011/06/20,205,205,200,201,468,500,201
2011/06/21,202,204,200,202,675,500,202
2011/06/22,203,209,203,209,589,500,209
2011/06/23,207,211,207,209,451,000,209
2011/06/24,207,212,207,211,537,500,211
2011/06/27,211,212,206,208,386,000,208
2011/06/28,211,211,209,210,288,500,210
2011/06/29,215,215,211,213,812,500,213
2011/06/30,215,216,212,216,818,500,216
2015/08/24,187,191,176,177,2,793,200,177
2015/08/25,167,179,161,166,4,504,100,166
2015/08/26,170,177,167,173,2,706,300,173
2015/08/27,178,179,172,172,1,762,300,172
2015/08/28,176,191,176,188,2,839,000,188
2015/08/31,192,192,182,186,2,673,800,186
2015/09/01,181,187,178,178,2,291,400,178
2015/09/02,172,180,172,177,1,371,800,177
2015/09/03,178,182,172,174,1,521,800,174
2015/09/04,176,176,167,170,1,515,200,170
2015/09/07,167,171,160,169,1,456,900,169
2015/09/08,171,176,169,170,1,400,000,170
2015/09/09,176,179,172,179,1,086,800,179
2015/09/10,175,177,174,175,922,300,175
2015/09/11,172,174,171,172,1,039,700,172
2015/09/14,174,175,170,171,492,300,171
2015/09/15,171,172,165,166,1,001,600,166
2015/09/16,166,167,164,166,706,100,166
2015/09/17,168,173,166,172,869,600,172
2015/09/18,170,170,166,167,887,200,167
2015/09/24,164,165,156,157,1,530,400,157
2015/09/25,156,159,150,156,2,018,100,156
