2011/06/03,472,478,469,475,607,000,475
2011/06/06,470,474,468,471,291,000,471
2011/06/07,470,477,470,474,345,000,474
2011/06/08,478,486,475,485,699,000,485
2011/06/09,484,502,483,500,1,294,000,500
2011/06/10,495,505,489,497,1,300,000,497
2011/06/13,496,502,493,497,619,000,497
2011/06/14,495,501,491,500,668,000,500
2011/06/15,508,511,497,504,964,000,504
2011/06/16,503,516,500,505,981,000,505
2011/06/17,507,508,489,500,1,102,000,500
2011/06/20,502,509,496,504,981,000,504
2011/06/21,502,509,498,507,868,000,507
2011/06/22,513,529,507,524,1,295,000,524
2011/06/23,525,530,517,520,1,174,000,520
2011/06/24,516,521,513,519,784,000,519
2011/06/27,520,521,516,518,408,000,518
2011/06/28,510,512,501,501,1,434,000,501
2011/06/29,504,511,502,510,1,113,000,510
2011/06/30,511,511,502,509,766,000,509
2015/08/24,491,498,476,477,568,000,477
2015/08/25,453,477,446,455,567,000,455
2015/08/26,463,472,453,469,450,000,469
2015/08/27,475,475,465,468,506,000,468
2015/08/28,482,502,478,496,693,000,496
2015/08/31,487,492,476,484,421,000,484
2015/09/01,480,483,465,466,366,000,466
2015/09/02,460,466,454,461,441,000,461
2015/09/03,464,478,460,462,196,000,462
2015/09/04,464,464,444,450,234,000,450
2015/09/07,442,459,442,452,283,000,452
2015/09/08,455,466,450,453,220,000,453
2015/09/09,469,481,466,481,489,000,481
2015/09/10,470,477,463,476,364,000,476
2015/09/11,468,480,468,474,463,000,474
2015/09/14,481,481,467,468,183,000,468
2015/09/15,475,479,466,469,322,000,469
2015/09/16,475,477,467,477,199,000,477
2015/09/17,487,504,483,497,755,000,497
2015/09/18,493,493,481,481,340,000,481
2015/09/24,473,473,457,457,388,000,457
2015/09/25,452,467,452,467,311,000,467
