2011/06/01,840,840,840,840,200,840
2011/06/02,841,841,841,841,100,841
2011/06/03,841,845,841,845,200,845
2011/06/06,873,873,873,873,100,873
2011/06/08,828,835,828,830,2,300,830
2011/06/09,830,830,827,827,300,827
2011/06/10,828,828,825,828,800,828
2011/06/14,837,837,835,835,400,835
2011/06/15,835,836,835,835,1,400,835
2011/06/16,831,831,830,830,200,830
2011/06/17,835,835,835,835,600,835
2011/06/20,830,830,829,829,200,829
2011/06/21,828,828,828,828,300,828
2011/06/22,835,835,835,835,100,835
2011/06/23,835,835,827,827,300,827
2011/06/24,843,843,843,843,1,000,843
2011/06/27,833,833,833,833,100,833
2011/06/28,859,859,859,859,600,859
2011/06/29,841,870,841,870,2,800,870
2011/06/30,845,850,843,850,700,850
2015/08/24,1,267,1,300,1,220,1,237,14,000,1,237
2015/08/25,1,185,1,230,1,154,1,180,19,500,1,180
2015/08/26,1,180,1,205,1,165,1,204,4,400,1,204
2015/08/27,1,234,1,242,1,213,1,222,4,100,1,222
2015/08/28,1,288,1,318,1,280,1,288,2,100,1,288
2015/08/31,1,288,1,288,1,228,1,263,4,900,1,263
2015/09/01,1,260,1,263,1,251,1,261,3,100,1,261
2015/09/02,1,264,1,264,1,245,1,250,400,1,250
2015/09/03,1,251,1,273,1,250,1,260,900,1,260
2015/09/04,1,250,1,250,1,210,1,213,2,700,1,213
2015/09/07,1,191,1,221,1,170,1,187,4,000,1,187
2015/09/08,1,247,1,247,1,247,1,247,100,1,247
2015/09/09,1,243,1,250,1,242,1,248,2,200,1,248
2015/09/10,1,222,1,247,1,222,1,242,3,100,1,242
2015/09/11,1,225,1,251,1,225,1,250,2,500,1,250
2015/09/14,1,248,1,250,1,220,1,240,2,600,1,240
2015/09/15,1,221,1,237,1,214,1,218,5,900,1,218
2015/09/16,1,219,1,222,1,202,1,209,1,900,1,209
2015/09/17,1,179,1,215,1,179,1,209,1,800,1,209
2015/09/18,1,208,1,208,1,184,1,200,3,600,1,200
2015/09/24,1,190,1,200,1,182,1,185,2,400,1,185
2015/09/25,1,190,1,200,1,190,1,200,1,900,1,200
