2011/06/03,168,170,166,166,150,000,166
2011/06/06,166,168,166,166,171,000,166
2011/06/07,166,168,166,168,165,000,168
2011/06/08,167,168,165,167,157,000,167
2011/06/09,165,167,165,166,65,000,166
2011/06/10,166,168,166,167,150,000,167
2011/06/13,165,165,164,164,173,000,164
2011/06/14,164,170,164,170,226,000,170
2011/06/15,171,177,167,170,528,000,170
2011/06/16,168,173,168,169,148,000,169
2011/06/17,168,168,164,164,282,000,164
2011/06/20,165,167,165,166,69,000,166
2011/06/21,164,165,164,165,138,000,165
2011/06/22,165,167,164,167,111,000,167
2011/06/23,167,170,167,169,140,000,169
2011/06/24,168,172,166,172,143,000,172
2011/06/27,174,174,168,168,69,000,168
2011/06/28,169,171,168,169,74,000,169
2011/06/29,169,170,169,170,52,000,170
2011/06/30,171,171,166,168,96,000,168
2015/08/24,132,144,127,128,700,000,128
2015/08/25,120,130,118,122,454,000,122
2015/08/26,123,127,123,127,258,000,127
2015/08/27,129,129,127,128,284,000,128
2015/08/28,129,134,129,134,269,000,134
2015/08/31,133,133,131,132,108,000,132
2015/09/01,132,182,132,182,11,700,000,182
2015/09/02,182,201,170,177,90,292,000,177
2015/09/03,182,210,172,205,64,008,000,205
2015/09/04,203,207,177,180,78,492,000,180
2015/09/07,181,181,169,173,16,282,000,173
2015/09/08,171,171,155,158,14,086,000,158
2015/09/09,164,166,156,160,7,956,000,160
2015/09/10,161,179,161,168,21,686,000,168
2015/09/11,164,168,162,167,5,829,000,167
2015/09/14,164,166,155,157,3,964,000,157
2015/09/15,159,161,152,153,2,627,000,153
2015/09/16,153,154,146,148,3,512,000,148
2015/09/17,150,152,148,151,1,615,000,151
2015/09/18,152,152,145,147,1,542,000,147
2015/09/24,146,147,144,145,774,000,145
2015/09/25,144,145,142,144,1,125,000,144
2015/09/28,143,147,141,142,1,975,000,142
2015/09/29,140,141,132,132,1,536,000,132
2015/09/30,135,135,129,131,1,361,000,131
2015/10/01,133,133,127,129,1,639,000,129
2015/10/02,129,131,126,128,1,101,000,128
2015/10/05,132,135,130,131,1,337,000,131
2015/10/06,132,140,132,138,2,235,000,138
2015/10/07,136,138,135,138,1,348,000,138
2015/10/08,138,144,137,139,1,751,000,139
