2011/06/03,152,154,150,150,487,000,150
2011/06/06,149,150,145,147,676,000,147
2011/06/07,146,153,146,149,643,000,149
2011/06/08,149,152,147,150,580,000,150
2011/06/09,153,163,153,160,2,265,000,160
2011/06/10,160,163,158,163,1,288,000,163
2011/06/13,160,165,158,158,1,871,000,158
2011/06/14,159,162,158,162,711,000,162
2011/06/15,162,168,161,166,2,128,000,166
2011/06/16,163,169,162,164,1,441,000,164
2011/06/17,167,170,163,168,2,511,000,168
2011/06/20,170,176,169,173,3,649,000,173
2011/06/21,173,173,166,168,1,553,000,168
2011/06/22,170,175,169,175,1,428,000,175
2011/06/23,173,174,172,172,687,000,172
2011/06/24,173,177,172,172,1,028,000,172
2011/06/27,171,171,169,169,432,000,169
2011/06/28,173,174,168,169,587,000,169
2011/06/29,171,171,167,171,748,000,171
2011/06/30,171,172,170,172,521,000,172
2015/08/24,209,209,181,196,1,485,000,196
2015/08/25,186,198,184,191,718,000,191
2015/08/26,190,198,190,194,961,000,194
2015/08/27,199,201,197,198,403,000,198
2015/08/28,204,208,204,206,525,000,206
2015/08/31,207,209,203,204,310,000,204
2015/09/01,204,204,196,196,506,000,196
2015/09/02,195,199,192,195,333,000,195
2015/09/03,198,201,193,193,358,000,193
2015/09/04,194,195,185,189,541,000,189
2015/09/07,188,191,184,188,323,000,188
2015/09/08,188,194,188,188,174,000,188
2015/09/09,193,200,193,200,391,000,200
2015/09/10,195,204,192,202,469,000,202
2015/09/11,204,205,196,200,385,000,200
2015/09/14,203,203,196,197,277,000,197
2015/09/15,197,199,195,195,222,000,195
2015/09/16,197,197,194,195,141,000,195
2015/09/17,196,197,195,197,156,000,197
2015/09/18,196,196,191,193,386,000,193
2015/09/24,189,192,188,190,256,000,190
2015/09/25,190,193,188,190,313,000,190
2015/09/28,190,198,188,191,247,000,191
2015/09/29,191,191,186,186,396,000,186
2015/09/30,187,189,185,185,493,000,185
2015/10/01,187,189,186,188,317,000,188
2015/10/02,188,189,185,187,245,000,187
2015/10/05,188,193,187,190,206,000,190
2015/10/06,192,195,191,192,203,000,192
2015/10/07,192,198,191,198,201,000,198
2015/10/08,208,231,202,211,3,938,000,211
2015/10/09,210,218,206,216,1,370,000,216
