2011/06/03,193,196,187,189,777,000,189
2011/06/06,186,189,168,176,1,369,000,176
2011/06/07,175,179,173,175,331,000,175
2011/06/08,179,180,173,175,317,000,175
2011/06/09,174,176,172,174,228,000,174
2011/06/10,173,180,173,179,350,000,179
2011/06/13,177,188,175,184,698,000,184
2011/06/14,186,191,186,189,506,000,189
2011/06/15,193,193,184,186,325,000,186
2011/06/16,183,194,182,190,515,000,190
2011/06/17,192,210,191,208,4,072,000,208
2011/06/20,220,226,205,208,4,401,000,208
2011/06/21,216,220,211,217,1,314,000,217
2011/06/22,219,226,213,213,2,583,000,213
2011/06/23,214,217,206,208,893,000,208
2011/06/24,210,212,206,211,595,000,211
2011/06/27,212,213,204,206,409,000,206
2011/06/28,203,205,195,198,532,000,198
2011/06/29,200,200,191,197,613,000,197
2011/06/30,194,206,193,206,449,000,206
2015/08/24,121,123,113,116,435,000,116
2015/08/25,105,114,103,105,694,000,105
2015/08/26,110,114,108,114,263,000,114
2015/08/27,114,117,114,114,212,000,114
2015/08/28,116,122,116,119,187,000,119
2015/08/31,120,121,117,118,169,000,118
2015/09/01,118,123,114,115,510,000,115
2015/09/02,114,117,111,114,270,000,114
2015/09/03,115,117,113,114,134,000,114
2015/09/04,113,113,107,110,202,000,110
2015/09/07,105,111,103,108,375,000,108
2015/09/08,107,113,107,108,189,000,108
2015/09/09,111,116,111,116,224,000,116
2015/09/10,114,116,111,116,187,000,116
2015/09/11,114,116,114,116,74,000,116
2015/09/14,118,118,114,114,89,000,114
2015/09/15,114,115,113,113,75,000,113
2015/09/16,114,114,112,112,44,000,112
2015/09/17,114,115,113,115,67,000,115
2015/09/18,115,115,113,114,49,000,114
2015/09/24,113,113,111,111,17,000,111
2015/09/25,111,113,111,113,51,000,113
