2011/06/01,305,305,305,305,1,100,305
2011/06/03,295,295,295,295,100,295
2011/06/06,293,303,293,303,1,400,303
2011/06/07,295,296,294,296,800,296
2011/06/08,294,303,294,303,600,303
2011/06/10,295,296,293,295,3,900,295
2011/06/13,295,295,295,295,4,000,295
2011/06/14,295,296,293,296,8,000,296
2011/06/15,300,305,298,300,2,500,300
2011/06/16,300,302,299,302,1,600,302
2011/06/17,300,303,300,303,4,500,303
2011/06/20,300,300,299,300,6,300,300
2011/06/21,307,307,300,305,2,000,305
2011/06/22,304,304,303,303,400,303
2011/06/23,303,304,298,304,3,100,304
2011/06/24,296,304,295,296,2,700,296
2011/06/27,296,303,295,296,1,700,296
2011/06/28,296,302,296,297,5,600,297
2011/06/29,304,305,301,305,2,200,305
2011/06/30,306,306,301,306,1,900,306
2015/08/24,351,358,326,336,50,700,336
2015/08/25,321,350,310,342,30,100,342
2015/08/26,340,362,339,360,19,400,360
2015/08/27,362,376,362,374,26,800,374
2015/08/28,380,393,376,376,22,300,376
2015/08/31,376,380,368,379,8,400,379
2015/09/01,393,393,375,384,23,800,384
2015/09/02,370,379,361,372,7,000,372
2015/09/03,375,379,373,378,3,600,378
2015/09/04,371,373,354,370,7,700,370
2015/09/07,354,367,354,367,1,800,367
2015/09/08,361,365,355,361,2,500,361
2015/09/09,365,380,365,380,3,900,380
2015/09/10,372,375,368,370,2,700,370
2015/09/11,378,385,371,385,7,000,385
2015/09/14,385,389,376,380,5,600,380
2015/09/15,380,380,370,378,6,100,378
2015/09/16,376,380,376,377,900,377
2015/09/17,379,382,372,381,2,300,381
2015/09/18,383,383,375,382,2,600,382
2015/09/24,381,381,371,381,5,100,381
2015/09/25,373,382,373,377,1,500,377
2015/09/28,379,383,373,383,1,100,383
2015/09/29,383,383,366,366,5,700,366
2015/09/30,370,383,370,380,1,700,380
2015/10/01,383,384,376,379,6,000,379
2015/10/02,383,383,383,383,1,200,383
2015/10/05,381,381,377,377,3,200,377
2015/10/06,385,385,376,376,900,376
2015/10/07,376,378,371,375,2,300,375
2015/10/08,380,380,372,375,16,600,375
2015/10/09,375,382,375,380,3,400,380
