2011/06/03,360,361,356,356,1,468,000,356
2011/06/06,356,358,350,355,1,387,000,355
2011/06/07,355,365,354,365,1,838,000,365
2011/06/08,364,369,362,369,942,000,369
2011/06/09,370,374,365,373,1,545,000,373
2011/06/10,376,379,369,374,3,042,000,374
2011/06/13,365,370,365,368,1,196,000,368
2011/06/14,367,377,366,376,1,043,000,376
2011/06/15,377,383,374,378,1,479,000,378
2011/06/16,371,376,370,373,841,000,373
2011/06/17,378,378,366,367,1,113,000,367
2011/06/20,367,369,363,363,710,000,363
2011/06/21,368,368,360,365,699,000,365
2011/06/22,370,376,369,376,779,000,376
2011/06/23,372,380,372,378,629,000,378
2011/06/24,379,386,377,384,924,000,384
2011/06/27,382,388,381,384,681,000,384
2011/06/28,388,389,383,385,657,000,385
2011/06/29,390,390,386,390,671,000,390
2011/06/30,392,392,389,392,756,000,392
2015/08/24,342,342,321,322,3,397,000,322
2015/08/25,304,322,290,298,3,493,000,298
2015/08/26,298,302,286,296,6,034,000,296
2015/08/27,304,307,292,294,3,294,000,294
2015/08/28,304,322,303,315,3,869,000,315
2015/08/31,315,326,314,316,2,284,000,316
2015/09/01,312,313,300,301,1,681,000,301
2015/09/02,292,299,290,292,3,710,000,292
2015/09/03,297,304,292,294,2,123,000,294
2015/09/04,296,296,281,286,1,849,000,286
2015/09/07,285,293,280,288,1,775,000,288
2015/09/08,290,301,288,289,2,711,000,289
2015/09/09,301,317,297,315,3,135,000,315
2015/09/10,300,311,299,310,1,932,000,310
2015/09/11,312,314,308,311,2,783,000,311
2015/09/14,307,308,297,300,1,549,000,300
2015/09/15,299,307,299,300,1,317,000,300
2015/09/16,304,309,299,307,1,425,000,307
2015/09/17,310,321,309,317,1,980,000,317
2015/09/18,311,312,305,309,1,484,000,309
2015/09/24,300,305,297,297,1,409,000,297
2015/09/25,299,310,297,310,1,510,000,310
2015/09/28,306,311,303,306,1,050,000,306
2015/09/29,292,292,277,278,3,488,000,278
2015/09/30,285,286,270,273,2,596,000,273
2015/10/01,278,281,271,277,2,095,000,277
2015/10/02,274,279,271,275,1,563,000,275
2015/10/05,281,290,281,286,2,176,000,286
2015/10/06,293,300,293,295,2,041,000,295
2015/10/07,294,310,294,308,1,941,000,308
2015/10/08,306,320,306,316,1,885,000,316
2015/10/09,330,345,329,343,5,974,000,343
