2011/06/03,484,485,473,477,3,364,000,477
2011/06/06,475,476,463,468,3,328,000,468
2011/06/07,464,471,462,469,1,994,000,469
2011/06/08,468,468,459,465,1,924,000,465
2011/06/09,464,472,460,470,2,191,000,470
2011/06/10,482,483,472,475,4,908,000,475
2011/06/13,469,474,466,473,1,473,000,473
2011/06/14,471,478,467,475,1,733,000,475
2011/06/15,480,485,474,479,3,707,000,479
2011/06/16,476,482,474,475,1,744,000,475
2011/06/17,477,478,470,470,2,330,000,470
2011/06/20,467,474,465,471,1,880,000,471
2011/06/21,472,473,467,471,1,457,000,471
2011/06/22,479,486,478,483,1,860,000,483
2011/06/23,481,486,477,478,1,418,000,478
2011/06/24,480,485,480,485,1,052,000,485
2011/06/27,481,484,479,479,1,098,000,479
2011/06/28,486,487,481,482,1,142,000,482
2011/06/29,490,491,485,490,1,326,000,490
2011/06/30,491,502,490,496,2,953,000,496
2015/08/24,1,065,1,073,1,030,1,034,1,572,000,1,034
2015/08/25,990,1,055,977,996,2,612,000,996
2015/08/26,998,1,016,986,1,006,1,999,000,1,006
2015/08/27,1,020,1,033,1,007,1,013,1,248,000,1,013
2015/08/28,1,037,1,084,1,030,1,078,1,721,000,1,078
2015/08/31,1,071,1,075,1,048,1,057,1,034,000,1,057
2015/09/01,1,045,1,051,1,021,1,021,944,000,1,021
2015/09/02,1,002,1,024,995,999,919,000,999
2015/09/03,1,010,1,033,1,010,1,017,808,000,1,017
2015/09/04,1,007,1,016,975,982,1,862,000,982
2015/09/07,977,1,002,966,984,1,397,000,984
2015/09/08,977,1,000,952,954,2,542,000,954
2015/09/09,977,1,020,973,1,019,2,093,000,1,019
2015/09/10,990,999,978,992,1,311,000,992
2015/09/11,986,999,979,995,2,867,000,995
2015/09/14,1,001,1,012,985,1,000,1,335,000,1,000
2015/09/15,1,001,1,001,971,972,1,256,000,972
2015/09/16,983,997,978,993,1,094,000,993
2015/09/17,996,1,016,991,1,009,1,330,000,1,009
2015/09/18,987,997,964,964,1,517,000,964
2015/09/24,934,946,928,932,1,326,000,932
2015/09/25,930,955,930,955,1,450,000,955
2015/09/28,930,935,912,919,1,848,000,919
2015/09/29,910,910,891,895,2,031,000,895
2015/09/30,908,927,891,903,2,124,000,903
2015/10/01,904,930,901,919,1,875,000,919
2015/10/02,913,937,903,933,1,406,000,933
2015/10/05,937,960,932,952,992,000,952
2015/10/06,967,976,963,966,1,238,000,966
2015/10/07,972,1,004,969,999,1,750,000,999
2015/10/08,999,1,014,991,999,1,680,000,999
2015/10/09,1,019,1,047,1,016,1,047,1,972,000,1,047
