2011/06/01,264,264,250,255,2,500,255
2011/06/02,254,254,253,253,1,100,253
2011/06/03,251,251,247,247,1,700,247
2011/06/06,246,246,242,242,700,242
2011/06/07,241,241,241,241,700,241
2011/06/08,243,244,243,243,1,000,243
2011/06/10,244,247,241,241,2,000,241
2011/06/13,244,270,238,254,23,400,254
2011/06/14,254,260,254,257,3,500,257
2011/06/15,260,261,258,261,2,100,261
2011/06/16,265,270,255,256,6,300,256
2011/06/17,257,270,252,252,11,600,252
2011/06/20,254,254,248,248,7,200,248
2011/06/21,258,258,241,254,12,400,254
2011/06/22,257,270,257,264,5,800,264
2011/06/23,270,278,268,268,4,700,268
2011/06/24,271,271,266,268,3,300,268
2011/06/27,269,269,268,268,300,268
2011/06/29,263,269,263,269,600,269
2011/06/30,269,270,262,265,700,265
2015/08/24,388,390,365,365,17,200,365
2015/08/25,336,355,330,347,18,000,347
2015/08/26,347,356,346,356,6,400,356
2015/08/27,356,359,356,359,2,800,359
2015/08/28,361,367,349,361,41,200,361
2015/08/31,368,370,362,362,5,600,362
2015/09/01,360,368,350,358,12,200,358
2015/09/02,355,367,355,367,4,600,367
2015/09/03,369,369,361,362,4,400,362
2015/09/04,361,366,358,359,7,700,359
2015/09/07,345,357,345,357,4,300,357
2015/09/08,357,357,341,355,3,200,355
2015/09/09,357,358,349,357,2,000,357
2015/09/10,341,357,341,357,3,700,357
2015/09/11,346,354,346,354,2,900,354
2015/09/14,360,360,349,354,3,100,354
2015/09/15,347,352,347,347,700,347
2015/09/16,349,351,349,351,1,600,351
2015/09/17,351,351,349,349,700,349
2015/09/18,341,346,341,346,10,900,346
2015/09/24,345,345,339,343,4,400,343
2015/09/25,343,343,339,339,1,300,339
2015/09/28,343,343,339,339,2,200,339
2015/09/29,339,341,335,341,4,000,341
2015/09/30,341,341,341,341,400,341
2015/10/01,341,341,339,341,15,600,341
2015/10/02,340,343,339,343,1,000,343
2015/10/05,340,341,339,341,17,700,341
2015/10/06,341,341,335,335,10,400,335
2015/10/07,341,345,338,345,9,400,345
