2011/06/03,19,20,19,19,73,500,19
2011/06/06,19,20,18,18,73,200,18
2011/06/07,19,20,18,19,29,700,19
2011/06/08,19,20,18,19,90,200,19
2011/06/09,19,19,19,19,31,100,19
2011/06/10,19,20,19,20,32,000,20
2011/06/13,19,22,18,21,707,000,21
2011/06/14,21,21,19,21,564,000,21
2011/06/15,21,40,20,33,15,676,100,33
2011/06/16,33,36,27,28,5,801,100,28
2011/06/17,29,35,29,32,5,762,100,32
2011/06/20,36,42,32,34,9,868,200,34
2011/06/21,36,37,31,33,3,506,100,33
2011/06/22,33,33,30,31,1,415,800,31
2011/06/23,32,34,30,30,1,937,500,30
2011/06/24,31,33,30,31,2,279,500,31
2011/06/27,32,33,31,32,1,730,300,32
2011/06/28,32,32,30,32,1,481,800,32
2011/06/29,31,31,30,31,755,000,31
2011/06/30,32,32,30,31,674,200,31
2015/08/24,92,96,88,92,732,600,92
2015/08/25,85,95,81,90,514,400,90
2015/08/26,90,96,88,96,278,400,96
2015/08/27,96,97,92,94,697,500,94
2015/08/28,95,98,95,97,313,400,97
2015/08/31,97,97,93,95,321,700,95
2015/09/01,94,94,86,86,749,500,86
2015/09/02,82,90,81,88,574,100,88
2015/09/03,90,91,86,86,359,100,86
2015/09/04,87,89,80,83,1,147,900,83
2015/09/07,81,85,80,84,330,500,84
2015/09/08,85,87,79,81,756,800,81
2015/09/09,83,87,81,87,434,500,87
2015/09/10,84,88,83,86,156,600,86
2015/09/11,87,89,86,89,215,500,89
2015/09/14,89,89,86,87,202,100,87
2015/09/15,87,89,85,86,266,800,86
2015/09/16,86,87,85,87,61,600,87
2015/09/17,86,88,86,87,99,000,87
2015/09/18,87,88,85,86,173,800,86
2015/09/24,87,87,86,86,39,000,86
2015/09/25,85,86,84,86,99,000,86
2015/09/28,86,86,84,84,57,200,84
2015/09/29,83,83,80,81,277,600,81
2015/09/30,81,83,80,82,139,300,82
2015/10/01,82,85,82,84,135,000,84
2015/10/02,84,84,82,84,135,200,84
2015/10/05,85,87,84,86,200,400,86
2015/10/06,86,89,86,87,214,600,87
2015/10/07,87,89,86,88,115,200,88
2015/10/08,88,89,87,87,185,900,87
