2011/04/21,2,085,2,085,2,085,2,085,100,2,085
2011/04/26,2,090,2,090,2,090,2,090,800,2,090
2011/04/27,2,185,2,185,2,185,2,185,100,2,185
2011/04/28,2,185,2,185,2,185,2,185,2,300,2,185
2011/05/02,2,200,2,200,2,185,2,185,1,200,2,185
2011/05/13,2,185,2,185,2,185,2,185,2,900,2,185
2011/05/16,2,350,2,350,2,350,2,350,100,2,350
2011/05/17,2,185,2,185,2,185,2,185,1,000,2,185
2011/05/18,2,185,2,185,2,185,2,185,2,000,2,185
2011/05/19,2,200,2,300,2,200,2,300,900,2,300
2011/05/20,2,180,2,180,2,180,2,180,400,2,180
2011/05/25,2,180,2,180,2,180,2,180,2,000,2,180
2011/05/27,2,180,2,180,2,180,2,180,1,000,2,180
2011/05/31,2,180,2,180,2,180,2,180,2,300,2,180
2011/06/03,2,180,2,180,2,180,2,180,900,2,180
2011/06/06,2,175,2,175,2,175,2,175,1,000,2,175
2011/06/07,2,175,2,175,2,175,2,175,700,2,175
2011/06/08,2,165,2,165,2,165,2,165,100,2,165
2011/06/09,2,165,2,165,2,165,2,165,200,2,165
2011/06/30,2,165,2,200,2,165,2,165,1,500,2,165
2015/08/21,2,570,2,576,2,568,2,568,1,600,2,568
2015/08/24,2,570,2,570,2,501,2,501,2,200,2,501
2015/08/25,2,501,2,569,2,501,2,569,1,800,2,569
2015/08/26,2,569,2,570,2,568,2,569,2,200,2,569
2015/08/27,2,590,2,599,2,571,2,590,1,200,2,590
2015/08/28,2,591,2,591,2,523,2,523,2,200,2,523
2015/09/01,2,540,2,569,2,524,2,524,500,2,524
2015/09/02,2,520,2,520,2,520,2,520,500,2,520
2015/09/03,2,520,2,550,2,520,2,550,300,2,550
2015/09/04,2,550,2,550,2,501,2,501,1,700,2,501
2015/09/07,2,500,2,501,2,499,2,499,3,100,2,499
2015/09/08,2,496,2,496,2,495,2,496,700,2,496
2015/09/09,2,501,2,501,2,501,2,501,100,2,501
2015/09/10,2,539,2,539,2,505,2,505,600,2,505
2015/09/11,2,496,2,501,2,496,2,501,600,2,501
2015/09/14,2,501,2,501,2,501,2,501,1,100,2,501
2015/09/15,2,540,2,540,2,520,2,520,200,2,520
2015/09/16,2,510,2,510,2,500,2,500,1,100,2,500
2015/09/17,2,505,2,505,2,504,2,504,200,2,504
2015/09/18,2,500,2,504,2,500,2,504,700,2,504
