2011/06/03,420,430,420,420,600,420
2011/06/06,412,412,377,394,13,600,394
2011/06/07,399,399,387,388,4,600,388
2011/06/08,396,400,389,397,2,300,397
2011/06/09,400,400,398,400,700,400
2011/06/10,408,414,400,404,5,100,404
2011/06/13,412,420,400,407,12,100,407
2011/06/14,413,413,407,407,2,100,407
2011/06/15,408,417,406,417,7,600,417
2011/06/16,413,413,410,410,800,410
2011/06/17,417,417,400,402,2,500,402
2011/06/20,420,420,401,401,5,400,401
2011/06/21,403,405,403,405,400,405
2011/06/22,415,415,407,407,2,200,407
2011/06/23,408,418,405,418,2,400,418
2011/06/24,419,424,418,420,5,200,420
2011/06/27,420,422,412,420,8,400,420
2011/06/28,426,426,414,416,1,300,416
2011/06/29,417,421,414,416,2,000,416
2011/06/30,425,426,420,426,2,700,426
2015/08/24,519,526,499,499,12,000,499
2015/08/25,480,505,478,495,5,800,495
2015/08/26,497,513,496,513,4,100,513
2015/08/27,518,527,516,527,2,100,527
2015/08/28,531,538,530,538,1,400,538
2015/08/31,538,538,534,535,400,535
2015/09/01,532,537,528,534,1,300,534
2015/09/02,533,543,533,542,1,700,542
2015/09/03,543,549,543,545,4,000,545
2015/09/04,545,545,535,540,1,600,540
2015/09/07,535,538,528,528,1,300,528
2015/09/08,534,540,533,533,900,533
2015/09/09,533,539,533,539,3,300,539
2015/09/10,538,538,535,535,1,000,535
2015/09/11,538,542,535,542,3,600,542
2015/09/14,539,544,535,540,2,900,540
2015/09/15,544,544,540,542,2,600,542
2015/09/16,540,540,532,537,1,300,537
2015/09/17,530,537,530,537,4,500,537
2015/09/18,540,542,537,542,700,542
2015/09/24,542,542,542,542,100,542
2015/09/25,541,543,540,543,2,700,543
2015/09/28,542,542,536,542,400,542
2015/09/29,541,541,531,534,700,534
2015/09/30,534,534,528,530,1,200,530
2015/10/01,529,529,522,523,2,900,523
2015/10/02,523,528,514,515,1,600,515
2015/10/05,515,516,515,516,3,500,516
2015/10/06,518,523,518,519,1,700,519
2015/10/07,519,526,519,523,1,400,523
2015/10/08,523,524,523,524,200,524
