2015/08/24,3,090,3,140,2,675,2,740,275,800,2,740
2015/08/25,2,690,2,889,2,300,2,395,242,000,2,395
2015/08/26,2,545,2,770,2,466,2,686,136,000,2,686
2015/08/27,2,736,2,867,2,686,2,695,103,800,2,695
2015/08/28,2,831,2,925,2,830,2,885,104,100,2,885
2015/08/31,2,866,2,980,2,823,2,834,77,900,2,834
2015/09/01,2,834,2,840,2,560,2,675,66,200,2,675
2015/09/02,2,525,2,797,2,517,2,720,45,500,2,720
2015/09/03,2,770,2,795,2,582,2,582,34,100,2,582
2015/09/04,2,549,2,560,2,200,2,350,103,300,2,350
2015/09/07,2,350,2,380,2,225,2,269,51,400,2,269
2015/09/08,2,388,2,400,2,132,2,162,73,400,2,162
2015/09/09,2,360,2,501,2,260,2,500,77,800,2,500
2015/09/10,2,380,2,495,2,351,2,472,40,200,2,472
2015/09/11,2,498,2,720,2,480,2,665,47,900,2,665
2015/09/14,2,820,2,935,2,751,2,804,99,200,2,804
2015/09/15,2,820,2,833,2,600,2,665,50,200,2,665
2015/09/16,2,730,2,750,2,515,2,566,36,500,2,566
2015/09/17,2,600,2,720,2,600,2,720,15,700,2,720
2015/09/18,2,670,2,825,2,657,2,790,24,500,2,790
2015/09/24,2,744,2,827,2,680,2,825,19,300,2,825
2015/09/25,2,775,2,840,2,700,2,760,24,900,2,760
2015/09/28,940,950,911,950,24,000,950
2015/09/29,942,942,845,868,61,000,868
2015/09/30,875,919,870,902,25,800,902
2015/10/01,901,922,880,908,24,400,908
2015/10/02,900,934,885,928,25,300,928
2015/10/05,936,964,925,931,63,100,931
2015/10/06,932,937,876,887,63,700,887
2015/10/07,875,900,859,885,34,300,885
