2015/08/25,1,761,1,958,1,656,1,770,27,100,885
2015/08/26,1,900,1,947,1,825,1,940,11,700,970
2015/08/27,975,1,080,975,1,037,27,600,1,037
2015/08/28,1,007,1,070,1,000,1,038,27,200,1,038
2015/08/31,1,060,1,069,1,005,1,014,14,500,1,014
2015/09/01,1,007,1,020,982,991,19,900,991
2015/09/02,954,1,141,940,1,141,45,700,1,141
2015/09/03,1,120,1,205,1,022,1,028,137,200,1,028
2015/09/04,1,000,1,010,902,925,42,900,925
2015/09/07,1,075,1,075,1,075,1,075,48,500,1,075
2015/09/08,1,315,1,375,1,216,1,375,430,200,1,375
2015/09/09,1,435,1,523,1,260,1,370,751,300,1,370
2015/09/10,1,280,1,335,1,180,1,330,156,800,1,330
2015/09/11,1,330,1,330,1,200,1,219,69,200,1,219
2015/09/14,1,194,1,200,1,119,1,140,54,400,1,140
2015/09/15,1,125,1,133,1,051,1,051,47,300,1,051
2015/09/16,1,051,1,135,1,013,1,068,50,900,1,068
2015/09/17,1,068,1,110,1,042,1,074,21,900,1,074
2015/09/18,1,085,1,100,1,048,1,048,15,200,1,048
2015/09/24,1,021,1,111,1,008,1,044,20,600,1,044
2015/09/25,1,023,1,053,991,999,17,900,999
