2015/08/21,1,321,1,327,1,291,1,293,19,300,1,293
2015/08/24,1,240,1,260,1,110,1,110,20,900,1,110
2015/08/25,1,080,1,242,1,020,1,143,52,200,1,143
2015/08/26,1,083,1,170,1,083,1,169,11,700,1,169
2015/08/27,1,160,1,168,1,152,1,156,3,200,1,156
2015/08/28,1,155,1,286,1,155,1,286,2,400,1,286
2015/08/31,1,280,1,320,1,242,1,300,1,700,1,300
2015/09/01,1,300,1,300,1,250,1,250,3,800,1,250
2015/09/02,1,220,1,290,1,220,1,280,4,600,1,280
2015/09/03,1,299,1,299,1,203,1,280,4,300,1,280
2015/09/04,1,240,1,240,1,172,1,172,1,200,1,172
2015/09/07,1,167,1,200,1,151,1,170,2,800,1,170
2015/09/08,1,153,1,170,1,110,1,170,2,700,1,170
2015/09/09,1,234,1,234,1,174,1,190,400,1,190
2015/09/10,1,250,1,250,1,207,1,207,800,1,207
2015/09/11,1,250,1,250,1,210,1,250,2,400,1,250
2015/09/14,1,240,1,250,1,175,1,176,1,400,1,176
2015/09/15,1,175,1,175,1,172,1,175,400,1,175
2015/09/16,1,205,1,205,1,180,1,180,1,500,1,180
2015/09/17,1,240,1,240,1,240,1,240,300,1,240
2015/09/24,1,270,1,270,1,240,1,242,1,000,1,242
2015/09/25,1,269,1,290,1,269,1,290,600,1,290
2015/09/28,1,300,1,300,1,300,1,300,500,1,300
2015/09/29,1,300,1,300,1,231,1,238,1,300,1,238
2015/09/30,1,208,1,259,1,198,1,259,1,500,1,259
2015/10/01,1,243,1,271,1,235,1,270,1,100,1,270
2015/10/02,1,280,1,282,1,280,1,282,600,1,282
2015/10/05,1,271,1,281,1,271,1,281,200,1,281
2015/10/06,1,281,1,294,1,270,1,288,2,100,1,288
2015/10/07,1,290,1,291,1,276,1,276,2,500,1,276
2015/10/08,1,265,1,265,1,265,1,265,400,1,265
2015/10/09,1,290,1,304,1,279,1,303,3,700,1,303
