2015/08/21,2,930,2,930,2,800,2,888,1,300,2,888
2015/08/24,2,704,2,825,2,553,2,658,9,300,2,658
2015/08/25,2,408,2,650,2,408,2,650,2,300,2,650
2015/08/26,2,500,2,592,2,495,2,500,6,300,2,500
2015/08/27,2,498,2,560,2,498,2,560,600,2,560
2015/08/28,2,650,2,730,2,650,2,730,1,300,2,730
2015/08/31,2,770,2,770,2,770,2,770,700,2,770
2015/09/01,2,837,2,837,2,837,2,837,400,2,837
2015/09/02,2,839,2,839,2,839,2,839,300,2,839
2015/09/03,2,706,2,839,2,706,2,800,800,2,800
2015/09/04,2,770,2,770,2,770,2,770,100,2,770
2015/09/07,2,795,2,795,2,648,2,794,1,200,2,794
2015/09/08,2,744,2,744,2,744,2,744,100,2,744
2015/09/09,2,800,2,800,2,790,2,790,1,200,2,790
2015/09/10,2,810,2,810,2,810,2,810,200,2,810
2015/09/11,2,752,2,804,2,662,2,804,1,400,2,804
2015/09/15,2,804,2,808,2,804,2,804,1,300,2,804
2015/09/16,2,810,2,927,2,810,2,927,1,400,2,927
2015/09/17,2,900,2,900,2,900,2,900,3,100,2,900
2015/09/18,2,850,2,850,2,850,2,850,1,800,2,850
2015/09/24,2,888,2,888,2,788,2,888,500,2,888
2015/09/25,2,788,2,881,2,788,2,831,400,2,831
2015/09/29,2,831,2,831,2,686,2,786,800,2,786
2015/09/30,2,800,2,800,2,800,2,800,300,2,800
2015/10/01,2,800,2,800,2,800,2,800,300,2,800
2015/10/02,2,800,2,800,2,800,2,800,100,2,800
2015/10/05,2,800,2,800,2,800,2,800,400,2,800
2015/10/07,2,830,2,850,2,830,2,850,1,800,2,850
