2015/08/21,1,080,1,100,1,044,1,051,9,300,1,051
2015/08/24,1,009,1,099,1,001,1,010,7,100,1,010
2015/08/25,990,999,913,960,3,500,960
2015/08/26,960,988,960,980,2,800,980
2015/08/27,1,010,1,010,995,998,1,100,998
2015/08/28,990,991,990,991,900,991
2015/08/31,1,066,1,141,1,052,1,122,13,600,1,122
2015/09/01,1,138,1,138,1,001,1,001,4,200,1,001
2015/09/02,1,000,1,005,971,1,005,1,200,1,005
2015/09/03,1,020,1,025,975,996,1,800,996
2015/09/04,996,996,996,996,300,996
2015/09/07,940,980,921,980,4,200,980
2015/09/08,926,929,926,929,200,929
2015/09/09,989,989,936,936,800,936
2015/09/10,951,976,951,976,300,976
2015/09/11,955,990,953,990,900,990
2015/09/14,990,990,965,965,1,400,965
2015/09/15,965,965,951,951,13,900,951
2015/09/17,990,990,990,990,700,990
2015/09/18,990,990,970,970,1,100,970
2015/09/24,963,970,962,970,1,300,970
2015/09/25,970,970,970,970,200,970
