2015/08/24,1,434,1,434,1,370,1,372,30,800,1,372
2015/08/25,1,310,1,432,1,305,1,340,42,800,1,340
2015/08/26,1,400,1,411,1,361,1,397,18,200,1,397
2015/08/27,1,457,1,457,1,430,1,432,11,100,1,432
2015/08/28,1,448,1,460,1,437,1,445,13,400,1,445
2015/08/31,1,450,1,459,1,445,1,447,9,200,1,447
2015/09/01,1,447,1,456,1,365,1,365,31,600,1,365
2015/09/02,1,364,1,393,1,356,1,372,11,400,1,372
2015/09/03,1,387,1,408,1,363,1,367,12,500,1,367
2015/09/04,1,372,1,385,1,309,1,334,33,200,1,334
2015/09/07,1,305,1,337,1,297,1,304,21,500,1,304
2015/09/08,1,320,1,325,1,297,1,297,13,000,1,297
2015/09/09,1,325,1,360,1,325,1,343,15,800,1,343
2015/09/10,1,331,1,367,1,331,1,357,6,000,1,357
2015/09/11,1,389,1,393,1,363,1,383,8,000,1,383
2015/09/14,1,386,1,396,1,382,1,382,5,600,1,382
2015/09/15,1,375,1,391,1,375,1,385,4,900,1,385
2015/09/16,1,396,1,549,1,376,1,490,37,100,1,490
2015/09/17,1,541,1,567,1,515,1,539,54,300,1,539
2015/09/18,1,541,1,561,1,505,1,561,23,700,1,561
2015/09/24,1,550,1,550,1,499,1,528,27,100,1,528
2015/09/25,1,535,1,554,1,527,1,550,18,600,1,550
