2011/06/03,596,606,590,591,1,311,000,591
2011/06/06,592,597,583,587,1,422,000,587
2011/06/07,584,590,580,590,1,030,000,590
2011/06/08,594,604,587,592,1,444,000,592
2011/06/09,587,589,581,587,1,456,000,587
2011/06/10,597,602,585,587,2,352,000,587
2011/06/13,580,589,575,583,1,270,000,583
2011/06/14,580,582,572,581,2,812,000,581
2011/06/15,583,586,579,581,1,124,000,581
2011/06/16,576,583,575,576,1,250,000,576
2011/06/17,581,582,558,560,2,051,000,560
2011/06/20,565,575,565,570,1,422,000,570
2011/06/21,570,574,564,574,1,413,000,574
2011/06/22,578,594,577,591,1,743,000,591
2011/06/23,586,589,581,585,2,323,000,585
2011/06/24,591,593,583,590,1,677,000,590
2011/06/27,595,603,592,592,1,815,000,592
2011/06/28,595,597,590,593,935,000,593
2011/06/29,598,603,593,603,1,112,000,603
2011/06/30,610,616,604,616,2,063,000,616
2015/08/24,1,080,1,100,1,060,1,065,2,889,000,1,065
2015/08/25,1,038,1,082,1,012,1,023,3,549,900,1,023
2015/08/26,1,010,1,058,1,010,1,049,3,205,900,1,049
2015/08/27,1,058,1,069,1,032,1,040,3,224,700,1,040
2015/08/28,1,057,1,080,1,057,1,076,3,884,800,1,076
2015/08/31,1,075,1,080,1,055,1,063,2,304,900,1,063
2015/09/01,1,063,1,079,1,033,1,036,3,759,000,1,036
2015/09/02,1,015,1,043,1,008,1,017,3,291,900,1,017
2015/09/03,1,044,1,067,1,039,1,040,2,074,700,1,040
2015/09/04,1,046,1,046,1,003,1,022,1,951,200,1,022
2015/09/07,1,016,1,044,1,010,1,032,1,798,000,1,032
2015/09/08,1,035,1,050,1,027,1,031,1,988,700,1,031
2015/09/09,1,053,1,068,1,042,1,068,3,396,500,1,068
2015/09/10,1,034,1,041,1,006,1,036,3,522,300,1,036
2015/09/11,1,019,1,033,1,013,1,027,3,505,700,1,027
2015/09/14,1,031,1,037,1,016,1,020,1,794,200,1,020
2015/09/15,1,029,1,043,1,022,1,023,1,561,700,1,023
2015/09/16,1,028,1,034,1,012,1,029,2,169,900,1,029
2015/09/17,1,036,1,052,1,036,1,049,1,474,100,1,049
2015/09/18,1,035,1,040,1,016,1,018,2,080,200,1,018
2015/09/24,1,000,1,001,930,931,5,180,000,931
2015/09/25,941,958,925,938,4,461,300,938
2015/09/28,935,941,912,932,3,734,200,932
2015/09/29,905,913,886,886,2,972,100,886
2015/09/30,899,916,890,908,2,494,900,908
2015/10/01,911,933,899,925,1,776,200,925
2015/10/02,913,939,906,926,1,988,700,926
2015/10/05,943,967,938,961,2,264,300,961
2015/10/06,974,992,965,985,3,004,100,985
2015/10/07,996,1,046,990,1,044,3,597,900,1,044
