2011/06/03,317,320,312,313,187,000,313
2011/06/06,315,319,315,317,100,400,317
2011/06/07,319,321,317,320,102,300,320
2011/06/08,325,325,320,320,88,000,320
2011/06/09,318,322,318,320,70,900,320
2011/06/10,323,348,323,346,586,400,346
2011/06/13,344,356,342,348,240,700,348
2011/06/14,352,356,351,354,202,600,354
2011/06/15,359,359,353,355,87,600,355
2011/06/16,351,368,351,368,184,900,368
2011/06/17,366,385,361,382,480,800,382
2011/06/20,387,412,387,396,836,500,396
2011/06/21,388,388,371,373,600,500,373
2011/06/22,380,395,380,395,502,500,395
2011/06/23,391,391,385,385,161,800,385
2011/06/24,379,387,378,387,183,500,387
2011/06/27,385,385,380,381,105,700,381
2011/06/28,384,388,382,383,89,300,383
2011/06/29,385,388,375,379,298,300,379
2011/06/30,381,382,376,378,139,100,378
2015/08/24,1,106,1,110,1,068,1,070,278,100,1,070
2015/08/25,964,1,058,964,999,683,400,999
2015/08/26,1,074,1,149,1,030,1,131,930,300,1,131
2015/08/27,1,121,1,141,1,101,1,102,299,500,1,102
2015/08/28,1,141,1,158,1,124,1,143,201,700,1,143
2015/08/31,1,124,1,135,1,101,1,122,169,200,1,122
2015/09/01,1,116,1,122,1,083,1,087,133,100,1,087
2015/09/02,1,053,1,108,1,046,1,078,153,700,1,078
2015/09/03,1,091,1,124,1,082,1,094,125,500,1,094
2015/09/04,1,102,1,108,1,060,1,066,216,600,1,066
2015/09/07,1,096,1,109,1,070,1,097,379,800,1,097
2015/09/08,1,097,1,177,1,087,1,158,587,800,1,158
2015/09/09,1,169,1,183,1,119,1,160,401,200,1,160
2015/09/10,1,150,1,150,1,114,1,134,137,700,1,134
2015/09/11,1,110,1,161,1,107,1,154,198,300,1,154
2015/09/14,1,164,1,181,1,136,1,141,141,900,1,141
2015/09/15,1,150,1,157,1,112,1,117,121,000,1,117
2015/09/16,1,134,1,145,1,120,1,133,120,300,1,133
2015/09/17,1,153,1,165,1,142,1,162,84,900,1,162
2015/09/18,1,149,1,153,1,120,1,130,154,200,1,130
2015/09/24,1,092,1,101,991,1,005,788,700,1,005
2015/09/25,1,000,1,010,967,983,611,700,983
2015/09/28,976,1,000,959,995,274,700,995
2015/09/29,966,966,936,939,360,500,939
2015/09/30,967,991,962,983,320,600,983
2015/10/01,983,1,005,979,995,269,900,995
2015/10/02,988,1,025,971,1,021,251,700,1,021
2015/10/05,1,021,1,040,1,011,1,025,249,900,1,025
2015/10/06,1,025,1,042,1,018,1,034,238,500,1,034
2015/10/07,1,034,1,064,1,028,1,057,214,900,1,057
