2011/06/03,1,030,1,064,1,022,1,022,108,600,1,022
2011/06/06,1,017,1,022,1,006,1,013,85,400,1,013
2011/06/07,1,010,1,034,1,008,1,029,80,100,1,029
2011/06/08,1,019,1,032,1,012,1,016,179,900,1,016
2011/06/09,1,012,1,014,1,008,1,009,121,200,1,009
2011/06/10,1,000,1,013,996,1,002,319,800,1,002
2011/06/13,1,000,1,003,985,997,158,800,997
2011/06/14,994,996,982,989,203,500,989
2011/06/15,995,995,985,990,179,000,990
2011/06/16,988,993,980,988,198,100,988
2011/06/17,989,994,975,979,231,300,979
2011/06/20,990,998,984,987,128,800,987
2011/06/21,1,001,1,020,997,1,019,446,300,1,019
2011/06/22,1,033,1,061,1,029,1,050,553,100,1,050
2011/06/23,1,034,1,051,1,024,1,039,233,300,1,039
2011/06/24,1,046,1,086,1,045,1,083,586,300,1,083
2011/06/27,1,085,1,088,1,070,1,071,250,900,1,071
2011/06/28,1,100,1,112,1,097,1,102,300,300,1,102
2011/06/29,1,103,1,109,1,099,1,107,175,700,1,107
2011/06/30,1,110,1,120,1,104,1,118,242,600,1,118
2015/08/24,2,239,2,287,2,224,2,225,674,600,2,225
2015/08/25,2,175,2,311,2,162,2,175,849,600,2,175
2015/08/26,2,190,2,304,2,189,2,283,789,100,2,283
2015/08/27,2,333,2,381,2,322,2,327,557,900,2,327
2015/08/28,2,388,2,465,2,372,2,434,598,900,2,434
2015/08/31,2,416,2,460,2,386,2,459,604,400,2,459
2015/09/01,2,435,2,435,2,342,2,351,452,000,2,351
2015/09/02,2,325,2,368,2,302,2,321,630,500,2,321
2015/09/03,2,350,2,412,2,347,2,353,672,600,2,353
2015/09/04,2,349,2,349,2,228,2,241,780,600,2,241
2015/09/07,2,170,2,203,2,148,2,161,1,510,700,2,161
2015/09/08,2,175,2,187,2,148,2,160,631,400,2,160
2015/09/09,2,216,2,247,2,185,2,247,631,500,2,247
2015/09/10,2,190,2,217,2,153,2,213,501,300,2,213
2015/09/11,2,254,2,304,2,232,2,286,904,000,2,286
2015/09/14,2,305,2,340,2,269,2,277,647,100,2,277
2015/09/15,2,279,2,319,2,249,2,301,629,700,2,301
2015/09/16,2,326,2,327,2,276,2,301,582,500,2,301
2015/09/17,2,341,2,392,2,326,2,374,624,300,2,374
2015/09/18,2,311,2,325,2,267,2,278,1,723,100,2,278
2015/09/24,2,263,2,303,2,235,2,235,665,100,2,235
2015/09/25,2,235,2,255,2,176,2,234,845,700,2,234
2015/09/28,2,270,2,331,2,264,2,314,595,900,2,314
2015/09/29,2,297,2,300,2,189,2,192,516,000,2,192
2015/09/30,2,239,2,265,2,213,2,255,365,400,2,255
2015/10/01,2,253,2,288,2,213,2,272,457,200,2,272
2015/10/02,2,253,2,303,2,230,2,288,402,500,2,288
2015/10/05,2,325,2,337,2,307,2,327,272,600,2,327
2015/10/06,2,200,2,308,2,195,2,234,1,501,800,2,234
2015/10/07,2,233,2,257,2,190,2,246,728,800,2,246
2015/10/08,2,246,2,253,2,180,2,196,814,000,2,196
2015/10/09,2,210,2,273,2,191,2,264,701,800,2,264
