2011/05/20,770,770,770,770,500,770
2011/05/23,758,758,758,758,500,758
2011/05/24,749,752,749,752,1,000,752
2011/05/25,757,757,752,752,2,000,752
2011/05/30,741,741,740,740,1,000,740
2011/06/01,740,740,740,740,500,740
2011/06/03,755,774,755,774,3,000,774
2011/06/06,774,774,774,774,500,774
2011/06/07,770,770,770,770,500,770
2011/06/08,750,765,750,755,1,500,755
2011/06/09,760,786,760,786,2,500,786
2011/06/10,800,829,800,828,3,500,828
2011/06/16,800,800,800,800,500,800
2011/06/17,790,790,790,790,500,790
2011/06/21,775,785,770,785,3,000,785
2011/06/22,785,785,785,785,500,785
2011/06/23,766,766,766,766,1,000,766
2011/06/24,766,766,766,766,1,000,766
2011/06/28,796,796,767,773,1,500,773
2011/06/30,777,777,777,777,500,777
2015/08/24,662,665,605,606,18,400,606
2015/08/25,601,636,600,600,17,300,600
2015/08/26,618,620,592,617,19,800,617
2015/08/27,619,635,619,623,2,100,623
2015/08/28,636,645,627,641,6,400,641
2015/08/31,638,652,638,650,2,900,650
2015/09/01,653,653,636,638,2,600,638
2015/09/02,630,643,625,629,7,300,629
2015/09/03,639,639,632,632,600,632
2015/09/04,635,635,625,635,1,100,635
2015/09/07,625,626,614,623,1,600,623
2015/09/08,633,633,629,629,300,629
2015/09/09,631,640,630,635,2,100,635
2015/09/10,642,642,625,625,300,625
2015/09/11,630,639,630,639,1,200,639
2015/09/14,634,640,634,635,1,900,635
2015/09/15,635,640,630,640,2,200,640
2015/09/16,630,631,625,625,1,400,625
2015/09/17,635,635,630,630,300,630
2015/09/18,637,637,637,637,100,637
2015/09/24,627,637,626,637,3,600,637
2015/09/25,639,640,637,640,2,200,640
2015/09/28,646,650,641,641,1,000,641
2015/09/29,646,646,635,635,2,900,635
2015/09/30,635,637,635,637,700,637
2015/10/01,627,659,627,656,1,900,656
2015/10/02,660,660,642,642,900,642
2015/10/05,642,655,642,655,700,655
2015/10/06,658,658,647,648,600,648
2015/10/07,648,648,648,648,100,648
