2011/06/03,250,000,251,500,250,000,250,000,3,2,500
2011/06/06,249,800,249,800,249,800,249,800,2,2,498
2011/06/07,244,500,244,500,244,500,244,500,1,2,445
2011/06/08,245,000,245,000,242,000,242,000,3,2,420
2011/06/09,243,000,243,000,243,000,243,000,1,2,430
2011/06/10,250,000,250,000,250,000,250,000,5,2,500
2011/06/13,250,000,250,000,250,000,250,000,11,2,500
2011/06/14,252,000,252,000,252,000,252,000,11,2,520
2011/06/15,252,000,253,000,252,000,253,000,3,2,530
2011/06/16,254,000,254,000,253,000,253,000,2,2,530
2011/06/17,255,000,255,000,253,000,253,000,3,2,530
2011/06/20,253,000,253,000,250,000,250,000,4,2,500
2011/06/21,251,000,251,000,250,200,250,200,4,2,502
2011/06/22,250,300,250,300,250,100,250,300,26,2,503
2011/06/23,250,300,250,300,250,000,250,200,18,2,502
2011/06/24,250,200,251,000,250,200,251,000,15,2,510
2011/06/27,250,200,253,000,250,200,252,000,6,2,520
2011/06/28,235,500,249,300,235,500,249,300,8,2,493
2011/06/29,240,200,243,000,240,200,241,100,4,2,411
2011/06/30,245,000,247,000,243,000,243,000,13,2,430
2015/08/21,3,525,3,590,3,525,3,575,1,400,3,575
2015/08/24,3,515,3,530,3,460,3,470,2,800,3,470
2015/08/25,3,400,3,560,3,400,3,515,5,400,3,515
2015/08/26,3,515,3,575,3,490,3,570,2,500,3,570
2015/08/27,3,640,3,645,3,640,3,645,200,3,645
2015/08/28,3,650,3,700,3,605,3,695,2,000,3,695
2015/08/31,3,695,3,695,3,650,3,650,400,3,650
2015/09/01,3,595,3,595,3,595,3,595,200,3,595
2015/09/02,3,585,3,585,3,545,3,545,600,3,545
2015/09/04,3,535,3,535,3,390,3,405,2,600,3,405
2015/09/07,3,405,3,405,3,350,3,370,1,800,3,370
2015/09/08,3,330,3,365,3,330,3,365,300,3,365
2015/09/09,3,430,3,435,3,360,3,435,1,300,3,435
2015/09/10,3,430,3,430,3,430,3,430,400,3,430
2015/09/11,3,430,3,430,3,430,3,430,300,3,430
2015/09/14,3,430,3,430,3,430,3,430,200,3,430
2015/09/15,3,470,3,470,3,430,3,430,700,3,430
2015/09/16,3,430,3,430,3,430,3,430,100,3,430
2015/09/17,3,450,3,450,3,440,3,440,300,3,440
2015/09/18,3,440,3,440,3,440,3,440,100,3,440
2015/09/24,3,430,3,450,3,430,3,450,1,400,3,450
2015/09/25,3,460,3,460,3,400,3,400,500,3,400
