2011/06/03,102,800,102,800,102,500,102,500,5,1,025
2011/06/06,105,000,105,000,101,700,101,700,7,1,017
2011/06/07,101,500,101,500,101,400,101,400,6,1,014
2011/06/08,101,400,101,400,100,700,100,700,8,1,007
2011/06/09,100,600,100,600,99,900,100,200,25,1,002
2011/06/10,100,200,101,500,100,200,101,500,6,1,015
2011/06/13,103,000,103,000,98,000,99,200,12,992
2011/06/14,100,100,100,100,99,500,99,500,9,995
2011/06/15,101,900,101,900,100,200,100,900,5,1,009
2011/06/16,100,900,100,900,100,900,100,900,1,1,009
2011/06/17,99,700,102,000,99,700,100,000,17,1,000
2011/06/20,101,600,102,000,101,600,102,000,2,1,020
2011/06/21,100,000,102,200,100,000,102,200,6,1,022
2011/06/22,101,900,101,900,100,200,100,200,7,1,002
2011/06/23,101,000,101,000,100,800,100,800,5,1,008
2011/06/24,101,500,102,100,101,500,102,100,4,1,021
2011/06/27,117,100,117,100,111,500,114,900,44,1,149
2011/06/28,111,900,111,900,111,000,111,000,2,1,110
2011/06/29,111,100,112,600,110,600,112,600,8,1,126
2011/06/30,112,600,112,600,111,000,111,000,3,1,110
2015/08/24,2,286,2,345,2,223,2,224,5,200,2,224
2015/08/25,2,124,2,383,2,072,2,210,3,800,2,210
2015/08/26,2,260,2,299,2,250,2,267,1,300,2,267
2015/08/27,2,367,2,389,2,340,2,389,2,300,2,389
2015/08/28,2,352,2,437,2,352,2,437,2,800,2,437
2015/08/31,2,450,2,450,2,422,2,425,2,600,2,425
2015/09/01,2,425,2,426,2,362,2,362,2,000,2,362
2015/09/02,2,292,2,303,2,292,2,300,1,300,2,300
2015/09/03,2,345,2,348,2,292,2,317,1,400,2,317
2015/09/04,2,300,2,300,2,300,2,300,100,2,300
2015/09/07,2,284,2,284,2,134,2,200,1,900,2,200
2015/09/08,2,173,2,249,2,161,2,161,1,000,2,161
2015/09/09,2,220,2,295,2,198,2,295,6,500,2,295
2015/09/10,2,260,2,260,2,260,2,260,600,2,260
2015/09/11,2,261,2,385,2,261,2,385,1,300,2,385
2015/09/14,2,310,2,310,2,310,2,310,600,2,310
2015/09/15,2,360,2,360,2,260,2,260,1,000,2,260
2015/09/16,2,263,2,272,2,250,2,250,1,500,2,250
2015/09/17,2,261,2,263,2,260,2,263,1,000,2,263
2015/09/18,2,263,2,263,2,250,2,260,800,2,260
2015/09/24,2,290,2,290,2,230,2,240,10,300,2,240
2015/09/25,2,235,2,250,2,230,2,250,600,2,250
