2011/06/03,2,399,2,410,2,373,2,381,412,300,2,381
2011/06/06,2,380,2,390,2,341,2,359,391,200,2,359
2011/06/07,2,358,2,399,2,346,2,387,420,700,2,387
2011/06/08,2,384,2,394,2,356,2,375,368,100,2,375
2011/06/09,2,365,2,393,2,351,2,393,402,400,2,393
2011/06/10,2,435,2,450,2,406,2,430,694,000,2,430
2011/06/13,2,382,2,393,2,362,2,381,405,300,2,381
2011/06/14,2,380,2,418,2,368,2,407,418,100,2,407
2011/06/15,2,500,2,508,2,459,2,505,1,269,900,2,505
2011/06/16,2,470,2,507,2,461,2,472,690,600,2,472
2011/06/17,2,470,2,475,2,417,2,453,608,000,2,453
2011/06/20,2,445,2,455,2,439,2,450,347,000,2,450
2011/06/21,2,476,2,495,2,459,2,495,497,600,2,495
2011/06/22,2,506,2,578,2,495,2,572,713,100,2,572
2011/06/23,2,551,2,578,2,512,2,561,667,900,2,561
2011/06/24,2,556,2,584,2,550,2,581,434,300,2,581
2011/06/27,2,574,2,578,2,531,2,542,438,400,2,542
2011/06/28,2,592,2,606,2,582,2,601,641,600,2,601
2011/06/29,2,636,2,638,2,596,2,621,692,000,2,621
2011/06/30,2,650,2,651,2,610,2,645,840,900,2,645
2015/08/24,5,810,5,860,5,600,5,600,1,062,100,5,600
2015/08/25,5,450,5,830,5,400,5,450,1,447,800,5,450
2015/08/26,5,550,5,780,5,500,5,740,1,255,700,5,740
2015/08/27,5,940,5,990,5,810,5,840,1,080,000,5,840
2015/08/28,6,020,6,220,6,000,6,160,657,400,6,160
2015/08/31,6,120,6,140,5,960,6,030,542,800,6,030
2015/09/01,5,950,5,950,5,750,5,750,537,700,5,750
2015/09/02,5,630,5,810,5,600,5,660,698,200,5,660
2015/09/03,5,710,5,900,5,710,5,780,594,500,5,780
2015/09/04,5,800,5,810,5,530,5,610,680,700,5,610
2015/09/07,5,570,5,730,5,480,5,710,818,600,5,710
2015/09/08,5,690,5,760,5,620,5,630,595,100,5,630
2015/09/09,5,860,5,990,5,850,5,990,554,400,5,990
2015/09/10,5,820,5,920,5,790,5,860,550,000,5,860
2015/09/11,5,860,5,900,5,800,5,860,841,500,5,860
2015/09/14,5,910,5,940,5,780,5,800,489,500,5,800
2015/09/15,5,820,5,920,5,730,5,740,1,185,800,5,740
2015/09/16,5,850,6,110,5,820,6,100,1,119,900,6,100
2015/09/17,6,120,6,210,6,090,6,190,649,800,6,190
2015/09/18,6,250,6,290,6,080,6,180,1,198,500,6,180
2015/09/24,6,050,6,050,5,840,5,950,1,014,900,5,950
2015/09/25,5,980,6,030,5,770,5,900,953,400,5,900
