2011/05/31,223,229,223,229,800,229
2011/06/01,231,231,224,224,8,100,224
2011/06/02,216,219,216,219,1,800,219
2011/06/03,227,227,222,222,700,222
2011/06/06,216,216,214,214,800,214
2011/06/07,213,213,213,213,700,213
2011/06/09,210,210,210,210,100,210
2011/06/10,214,214,210,210,19,700,210
2011/06/13,210,210,210,210,3,800,210
2011/06/15,214,214,210,210,6,500,210
2011/06/16,215,215,211,211,700,211
2011/06/17,215,215,212,212,300,212
2011/06/21,214,217,214,216,1,400,216
2011/06/22,217,220,217,220,900,220
2011/06/23,222,222,220,220,800,220
2011/06/24,225,225,225,225,100,225
2011/06/27,228,232,227,232,3,900,232
2011/06/28,232,235,232,232,6,900,232
2011/06/29,236,238,236,238,1,200,238
2011/06/30,237,238,236,238,3,300,238
2015/08/24,406,423,390,391,105,200,391
2015/08/25,375,412,372,386,112,200,386
2015/08/26,387,413,386,407,78,700,407
2015/08/27,415,418,402,405,79,300,405
2015/08/28,410,420,409,418,70,300,418
2015/08/31,419,422,413,413,98,700,413
2015/09/01,413,414,400,402,126,300,402
2015/09/02,400,412,392,401,92,900,401
2015/09/03,406,408,395,395,56,900,395
2015/09/04,394,398,388,390,47,300,390
2015/09/07,388,390,379,389,37,000,389
2015/09/08,386,390,383,383,28,300,383
2015/09/09,387,404,387,404,60,600,404
2015/09/10,396,404,390,402,38,100,402
2015/09/11,395,405,395,400,62,200,400
2015/09/14,399,400,393,395,35,600,395
2015/09/15,400,402,395,396,61,900,396
2015/09/16,399,400,390,395,63,900,395
2015/09/17,400,405,398,402,60,300,402
2015/09/18,395,395,387,390,50,400,390
2015/09/24,387,387,379,379,83,600,379
2015/09/25,380,385,372,379,86,200,379
