2011/06/03,93,106,93,103,7,241,000,103
2011/06/06,106,107,102,104,5,386,000,104
2011/06/07,104,107,101,103,2,689,000,103
2011/06/08,103,104,101,104,714,000,104
2011/06/09,102,107,102,105,2,193,000,105
2011/06/10,105,112,104,110,5,500,000,110
2011/06/13,111,114,109,112,2,908,000,112
2011/06/14,112,118,110,117,3,511,000,117
2011/06/15,118,118,114,115,1,561,000,115
2011/06/16,114,119,113,116,1,487,000,116
2011/06/17,116,119,107,108,2,289,000,108
2011/06/20,108,109,105,108,659,000,108
2011/06/21,107,113,106,109,731,000,109
2011/06/22,109,112,109,111,289,000,111
2011/06/23,109,113,109,112,276,000,112
2011/06/24,117,119,114,117,2,414,000,117
2011/06/27,115,115,111,111,861,000,111
2011/06/28,114,115,109,111,445,000,111
2011/06/29,112,113,111,112,268,000,112
2011/06/30,111,112,110,112,173,000,112
2015/08/24,111,113,100,101,778,000,101
2015/08/25,98,103,94,99,537,000,99
2015/08/26,100,104,100,104,271,000,104
2015/08/27,105,105,104,104,199,000,104
2015/08/28,106,109,106,109,159,000,109
2015/08/31,108,108,105,107,216,000,107
2015/09/01,105,105,99,100,583,000,100
2015/09/02,98,99,95,96,994,000,96
2015/09/03,97,97,95,97,340,000,97
2015/09/04,97,97,90,94,753,000,94
2015/09/07,93,95,91,95,211,000,95
2015/09/08,95,95,92,92,183,000,92
2015/09/09,95,98,95,97,212,000,97
2015/09/10,95,96,94,95,102,000,95
2015/09/11,97,97,96,96,122,000,96
2015/09/14,96,98,94,94,167,000,94
2015/09/15,96,96,94,94,70,000,94
2015/09/16,95,98,95,97,113,000,97
2015/09/17,97,99,96,97,80,000,97
2015/09/18,97,97,95,96,129,000,96
2015/09/24,94,94,92,92,115,000,92
2015/09/25,92,93,90,93,150,000,93
2015/09/28,93,93,92,92,27,000,92
2015/09/29,90,90,88,89,226,000,89
2015/09/30,89,90,89,90,94,000,90
2015/10/01,92,92,90,91,133,000,91
2015/10/02,89,91,89,90,161,000,90
2015/10/05,93,93,91,93,143,000,93
2015/10/06,94,95,93,94,98,000,94
2015/10/07,94,95,93,95,66,000,95
