2011/06/03,2,229,2,250,2,210,2,210,1,000,2,210
2011/06/06,2,180,2,184,2,176,2,181,2,600,2,181
2011/06/07,2,199,2,200,2,199,2,200,400,2,200
2011/06/08,2,200,2,209,2,200,2,202,500,2,202
2011/06/09,2,177,2,200,2,177,2,200,1,100,2,200
2011/06/10,2,188,2,227,2,188,2,201,28,200,2,201
2011/06/13,2,133,2,137,2,132,2,137,300,2,137
2011/06/14,2,151,2,174,2,146,2,160,4,300,2,160
2011/06/15,2,162,2,162,2,027,2,043,11,600,2,043
2011/06/16,2,027,2,027,2,006,2,009,4,600,2,009
2011/06/17,2,009,2,009,1,944,1,944,3,100,1,944
2011/06/20,1,985,2,016,1,985,1,999,2,800,1,999
2011/06/21,1,999,2,035,1,999,2,035,2,700,2,035
2011/06/22,2,034,2,061,2,034,2,050,5,400,2,050
2011/06/23,2,048,2,048,2,029,2,029,1,600,2,029
2011/06/24,2,003,2,029,2,003,2,026,600,2,026
2011/06/27,2,004,2,004,1,981,1,981,6,500,1,981
2011/06/28,1,991,2,002,1,978,1,978,700,1,978
2011/06/29,1,998,2,023,1,998,2,023,500,2,023
2011/06/30,2,032,2,077,2,024,2,077,2,700,2,077
2015/08/24,1,708,1,714,1,668,1,670,184,500,1,670
2015/08/25,1,635,1,675,1,580,1,602,200,000,1,602
2015/08/26,1,662,1,679,1,618,1,670,143,800,1,670
2015/08/27,1,700,1,718,1,645,1,650,169,400,1,650
2015/08/28,1,698,1,756,1,698,1,746,157,700,1,746
2015/08/31,1,755,1,755,1,700,1,723,109,500,1,723
2015/09/01,1,701,1,706,1,660,1,660,158,500,1,660
2015/09/02,1,628,1,670,1,621,1,650,145,100,1,650
2015/09/03,1,663,1,681,1,636,1,640,84,100,1,640
2015/09/04,1,656,1,657,1,605,1,631,148,600,1,631
2015/09/07,1,606,1,619,1,557,1,603,252,000,1,603
2015/09/08,1,586,1,619,1,584,1,586,155,600,1,586
2015/09/09,1,632,1,688,1,623,1,688,160,700,1,688
2015/09/10,1,648,1,673,1,617,1,663,120,700,1,663
2015/09/11,1,623,1,664,1,621,1,643,174,500,1,643
2015/09/14,1,657,1,670,1,630,1,640,64,400,1,640
2015/09/15,1,650,1,685,1,650,1,665,83,200,1,665
2015/09/16,1,674,1,709,1,661,1,700,79,400,1,700
2015/09/17,1,710,1,751,1,708,1,733,96,800,1,733
2015/09/18,1,702,1,710,1,675,1,690,96,000,1,690
2015/09/24,1,650,1,678,1,622,1,622,103,100,1,622
2015/09/25,1,638,1,663,1,626,1,661,87,300,1,661
2015/09/28,1,638,1,661,1,622,1,629,78,800,1,629
2015/09/29,1,600,1,634,1,582,1,598,172,100,1,598
2015/09/30,1,623,1,662,1,614,1,640,159,600,1,640
2015/10/01,1,655,1,671,1,625,1,658,99,000,1,658
2015/10/02,1,639,1,695,1,625,1,676,108,300,1,676
2015/10/05,1,695,1,752,1,681,1,730,114,100,1,730
2015/10/06,1,735,1,783,1,735,1,757,136,800,1,757
2015/10/07,1,758,1,810,1,755,1,804,120,700,1,804
2015/10/08,1,803,1,823,1,787,1,808,98,500,1,808
2015/10/09,1,816,1,843,1,816,1,834,102,300,1,834
