2015/08/24,980,980,930,969,6,400,969
2015/08/25,916,930,852,919,9,500,919
2015/08/26,929,1,000,929,1,000,1,400,1,000
2015/08/27,970,971,969,971,2,000,971
2015/08/28,1,121,1,121,1,121,1,121,14,700,1,121
2015/08/31,1,211,1,232,1,040,1,130,43,800,1,130
2015/09/01,1,150,1,150,1,058,1,064,7,000,1,064
2015/09/02,975,1,061,975,1,024,5,600,1,024
2015/09/03,1,026,1,050,1,020,1,044,5,800,1,044
2015/09/04,1,044,1,044,945,955,4,200,955
2015/09/07,945,1,000,945,981,2,300,981
2015/09/08,990,996,970,978,3,300,978
2015/09/09,1,038,1,088,999,1,020,8,200,1,020
2015/09/10,960,1,040,960,1,039,3,000,1,039
2015/09/11,1,057,1,105,1,040,1,041,13,000,1,041
2015/09/14,1,030,1,035,1,000,1,004,2,300,1,004
2015/09/15,999,1,005,963,1,000,7,100,1,000
2015/09/16,985,1,005,985,990,1,200,990
2015/09/17,989,1,000,985,987,2,100,987
2015/09/18,999,999,981,987,900,987
2015/09/24,986,990,972,977,6,100,977
2015/09/25,980,980,960,975,2,600,975
2015/09/28,975,990,975,990,300,990
2015/09/29,980,980,962,968,1,900,968
2015/09/30,968,970,965,968,2,900,968
2015/10/01,990,990,990,990,400,990
2015/10/05,972,1,000,967,1,000,2,200,1,000
2015/10/06,1,000,1,000,977,977,600,977
2015/10/07,992,997,979,990,1,300,990
