2011/06/03,245,251,243,243,54,800,243
2011/06/06,240,245,238,240,21,100,240
2011/06/07,240,245,237,240,12,400,240
2011/06/08,240,244,237,238,21,200,238
2011/06/09,239,244,237,242,40,200,242
2011/06/10,243,245,241,241,25,500,241
2011/06/13,240,241,233,240,23,700,240
2011/06/14,240,243,238,243,24,000,243
2011/06/15,243,245,234,239,51,600,239
2011/06/16,239,239,237,237,15,700,237
2011/06/17,236,238,235,235,25,500,235
2011/06/20,234,238,234,237,6,700,237
2011/06/21,237,239,237,239,8,700,239
2011/06/22,240,247,240,245,22,000,245
2011/06/23,246,247,245,246,12,500,246
2011/06/24,248,248,246,248,7,300,248
2011/06/27,248,248,245,245,13,100,245
2011/06/28,244,248,244,244,11,700,244
2011/06/29,246,250,245,248,11,600,248
2011/06/30,250,251,248,251,10,900,251
2015/08/24,1,036,1,070,984,985,113,600,985
2015/08/25,850,975,847,902,209,300,902
2015/08/26,902,922,877,893,208,500,893
2015/08/27,902,923,882,890,206,000,890
2015/08/28,902,949,902,945,103,600,945
2015/08/31,946,955,920,936,63,300,936
2015/09/01,923,927,890,891,90,900,891
2015/09/02,867,891,862,871,75,900,871
2015/09/03,880,898,866,867,51,500,867
2015/09/04,870,876,831,835,79,800,835
2015/09/07,820,893,807,890,140,900,890
2015/09/08,911,950,904,920,195,800,920
2015/09/09,949,983,941,967,139,200,967
2015/09/10,961,1,035,953,1,029,227,400,1,029
2015/09/11,1,001,1,037,995,1,015,110,700,1,015
2015/09/14,1,016,1,034,992,1,001,86,700,1,001
2015/09/15,1,009,1,010,985,985,48,200,985
2015/09/16,998,1,032,995,1,008,66,800,1,008
2015/09/17,1,026,1,035,1,005,1,028,60,800,1,028
2015/09/18,1,027,1,033,997,1,029,57,500,1,029
2015/09/24,1,024,1,035,1,000,1,006,61,100,1,006
2015/09/25,1,006,1,012,987,1,009,36,600,1,009
