2011/06/02,239,239,239,239,1,400,239
2011/06/03,238,238,235,238,1,400,238
2011/06/06,242,242,220,224,2,400,224
2011/06/07,224,224,224,224,800,224
2011/06/09,224,224,224,224,100,224
2011/06/10,226,226,226,226,200,226
2011/06/13,233,233,227,230,1,600,230
2011/06/14,229,229,226,229,500,229
2011/06/15,228,230,226,230,1,000,230
2011/06/16,230,230,228,228,400,228
2011/06/17,228,228,224,224,1,400,224
2011/06/20,222,222,222,222,100,222
2011/06/21,227,227,223,227,400,227
2011/06/22,234,234,227,227,2,600,227
2011/06/23,225,225,225,225,1,600,225
2011/06/24,233,233,228,228,300,228
2011/06/27,236,236,236,236,100,236
2011/06/28,237,237,232,235,300,235
2011/06/29,240,240,231,233,1,000,233
2011/06/30,240,240,236,236,500,236
2015/08/24,265,271,224,234,184,000,234
2015/08/25,246,264,205,230,208,100,230
2015/08/26,260,264,243,251,74,800,251
2015/08/27,248,262,244,254,35,100,254
2015/08/28,250,268,250,256,59,600,256
2015/08/31,268,336,263,336,1,800,000,336
2015/09/01,320,330,288,288,770,800,288
2015/09/02,270,355,266,303,1,851,800,303
2015/09/03,311,378,311,333,2,199,900,333
2015/09/04,349,352,296,303,423,300,303
2015/09/07,291,300,280,285,215,000,285
2015/09/08,283,288,267,273,118,300,273
2015/09/09,290,291,275,285,60,100,285
2015/09/10,275,283,274,282,46,500,282
2015/09/11,276,288,276,283,50,200,283
2015/09/14,281,287,273,273,31,700,273
2015/09/15,272,279,268,268,33,400,268
2015/09/16,268,273,263,264,37,100,264
2015/09/17,263,273,263,268,37,400,268
2015/09/18,265,271,261,266,25,300,266
2015/09/24,270,270,260,260,17,400,260
2015/09/25,254,258,237,247,151,100,247
