2011/06/03,513,513,506,506,700,506
2011/06/06,501,501,487,487,5,900,487
2011/06/07,485,489,484,489,700,489
2011/06/08,486,486,486,486,200,486
2011/06/09,478,479,468,468,5,100,468
2011/06/10,481,488,478,485,21,400,485
2011/06/13,472,477,472,477,3,000,477
2011/06/14,476,491,476,490,1,500,490
2011/06/15,498,498,488,488,800,488
2011/06/16,485,485,480,480,1,300,480
2011/06/17,481,481,470,470,2,200,470
2011/06/20,469,472,469,470,700,470
2011/06/21,471,482,471,481,800,481
2011/06/22,482,489,482,489,2,000,489
2011/06/23,487,487,482,482,1,200,482
2011/06/24,478,481,475,481,2,000,481
2011/06/27,481,488,481,488,4,000,488
2011/06/28,484,484,484,484,100,484
2011/06/29,506,506,498,505,400,505
2011/06/30,509,516,509,516,1,700,516
2015/08/24,710,728,691,691,462,000,691
2015/08/25,642,727,620,669,458,600,669
2015/08/26,676,719,670,717,191,000,717
2015/08/27,740,740,715,718,183,700,718
2015/08/28,737,777,730,754,247,800,754
2015/08/31,754,757,718,732,216,900,732
2015/09/01,732,732,696,698,168,200,698
2015/09/02,670,701,662,686,302,700,686
2015/09/03,696,715,696,702,166,700,702
2015/09/04,712,737,700,704,320,700,704
2015/09/07,691,709,682,694,179,600,694
2015/09/08,689,702,674,679,177,300,679
2015/09/09,703,740,702,737,270,300,737
2015/09/10,722,727,708,717,143,700,717
2015/09/11,706,710,680,708,217,700,708
2015/09/14,715,716,688,694,120,500,694
2015/09/15,701,723,696,707,122,700,707
2015/09/16,720,798,716,784,640,000,784
2015/09/17,794,826,780,814,800,700,814
2015/09/18,784,787,751,776,436,000,776
2015/09/24,751,754,723,723,244,700,723
2015/09/25,732,736,704,731,195,000,731
