2011/06/03,520,520,514,514,3,000,514
2011/06/06,519,526,516,523,800,523
2011/06/07,532,540,525,529,14,300,529
2011/06/08,529,530,525,527,2,300,527
2011/06/09,528,528,528,528,1,000,528
2011/06/10,527,533,527,532,7,100,532
2011/06/13,532,532,531,532,2,300,532
2011/06/14,535,539,535,535,2,500,535
2011/06/15,545,546,540,546,7,600,546
2011/06/16,542,549,541,541,1,700,541
2011/06/17,550,550,540,540,500,540
2011/06/20,555,565,550,560,17,100,560
2011/06/21,577,609,577,599,19,400,599
2011/06/22,600,600,562,567,5,100,567
2011/06/23,566,596,566,596,1,700,596
2011/06/24,598,598,598,598,2,400,598
2011/06/27,580,580,577,577,400,577
2011/06/28,557,558,557,558,500,558
2011/06/29,540,540,540,540,100,540
2011/06/30,541,541,538,538,500,538
2015/08/24,860,873,860,860,6,900,860
2015/08/25,855,855,802,815,18,900,815
2015/08/26,810,826,810,826,700,826
2015/08/27,858,858,835,835,1,700,835
2015/08/28,850,865,850,865,400,865
2015/08/31,850,850,836,838,1,000,838
2015/09/01,838,838,834,836,900,836
2015/09/02,807,817,800,817,7,800,817
2015/09/03,802,810,800,800,5,000,800
2015/09/04,800,800,777,777,2,500,777
2015/09/07,762,776,752,758,1,400,758
2015/09/08,751,755,741,745,5,500,745
2015/09/09,743,790,743,789,3,100,789
2015/09/10,804,818,790,817,4,500,817
2015/09/11,817,864,817,864,2,600,864
2015/09/14,850,850,811,826,1,900,826
2015/09/15,801,804,801,802,13,900,802
2015/09/16,800,802,797,798,3,800,798
2015/09/17,801,802,796,797,2,800,797
2015/09/18,801,801,792,793,4,200,793
2015/09/24,800,800,791,791,1,300,791
2015/09/25,797,798,784,784,4,400,784
