2011/06/03,683,683,659,665,139,000,665
2011/06/06,657,657,638,641,220,000,641
2011/06/07,642,644,634,640,192,000,640
2011/06/08,640,652,640,650,199,000,650
2011/06/09,645,659,644,657,136,000,657
2011/06/10,649,677,648,673,228,000,673
2011/06/13,668,691,665,685,156,000,685
2011/06/14,685,686,672,675,211,000,675
2011/06/15,676,682,675,678,119,000,678
2011/06/16,676,684,668,668,95,000,668
2011/06/17,675,677,658,666,154,000,666
2011/06/20,667,691,667,691,165,000,691
2011/06/21,690,696,683,690,113,000,690
2011/06/22,690,691,682,686,148,000,686
2011/06/23,685,701,680,696,133,000,696
2011/06/24,703,721,702,713,133,000,713
2011/06/27,718,722,703,707,78,000,707
2011/06/28,707,718,704,705,57,000,705
2011/06/29,709,709,700,703,99,000,703
2011/06/30,703,703,694,699,79,000,699
2015/08/24,1,050,1,070,1,011,1,011,70,500,1,011
2015/08/25,985,1,008,945,953,93,500,953
2015/08/26,960,1,019,960,1,014,85,700,1,014
2015/08/27,1,028,1,068,1,023,1,037,118,400,1,037
2015/08/28,1,066,1,080,1,040,1,049,53,500,1,049
2015/08/31,1,041,1,041,1,012,1,027,111,400,1,027
2015/09/01,1,023,1,044,1,011,1,012,68,500,1,012
2015/09/02,995,1,020,990,996,81,800,996
2015/09/03,1,005,1,034,1,005,1,013,46,700,1,013
2015/09/04,1,025,1,025,969,982,52,800,982
2015/09/07,978,993,970,983,34,100,983
2015/09/08,998,998,966,970,45,100,970
2015/09/09,985,1,010,984,1,010,57,200,1,010
2015/09/10,1,004,1,025,990,1,015,51,300,1,015
2015/09/11,980,998,980,991,100,200,991
2015/09/14,992,1,009,971,975,54,000,975
2015/09/15,983,997,976,976,31,000,976
2015/09/16,989,999,984,997,28,200,997
2015/09/17,997,1,011,996,1,009,24,400,1,009
2015/09/18,992,1,008,986,986,50,000,986
2015/09/24,978,980,947,950,99,200,950
2015/09/25,964,987,958,985,94,400,985
