2011/05/31,325,325,325,325,2,000,250
2011/06/20,350,351,350,351,2,000,270
2015/08/24,965,1,005,938,998,18,500,998
2015/08/25,940,989,920,956,14,800,956
2015/08/26,950,1,000,950,995,15,400,995
2015/08/27,1,004,1,005,996,996,1,600,996
2015/08/28,997,1,023,965,1,004,11,000,1,004
2015/08/31,990,1,005,990,1,003,900,1,003
2015/09/01,1,003,1,010,978,980,6,000,980
2015/09/02,980,980,953,962,3,600,962
2015/09/03,962,996,962,996,6,800,996
2015/09/04,998,1,000,971,977,21,900,977
2015/09/07,947,959,933,953,4,100,953
2015/09/08,935,946,910,910,5,800,910
2015/09/09,920,949,920,949,3,800,949
2015/09/10,939,952,938,952,22,000,952
2015/09/11,955,1,019,955,1,018,5,300,1,018
2015/09/14,989,1,018,987,990,4,400,990
2015/09/15,990,1,013,990,992,3,600,992
2015/09/16,1,009,1,009,987,992,2,800,992
2015/09/17,998,1,007,981,985,3,000,985
2015/09/18,985,995,973,985,3,100,985
2015/09/24,985,990,974,988,1,800,988
2015/09/25,1,000,1,008,967,974,7,000,974
2015/09/28,974,975,946,975,1,900,975
2015/09/29,961,961,935,952,3,200,952
2015/09/30,967,997,967,972,2,800,972
2015/10/01,980,980,970,970,1,300,970
2015/10/02,970,970,960,961,1,200,961
2015/10/05,983,983,965,975,1,400,975
2015/10/06,982,982,975,976,800,976
2015/10/08,987,987,980,980,1,000,980
2015/10/09,996,996,981,981,1,100,981
