2011/06/06,70,500,70,800,69,200,69,400,251,347
2011/06/07,69,800,69,800,69,100,69,400,258,347
2011/06/09,69,600,70,000,69,500,70,000,132,350
2011/06/16,70,000,70,400,69,900,70,200,132,351
2011/06/20,70,200,70,200,69,600,69,600,140,348
2011/06/21,70,100,70,100,69,400,70,000,125,350
2011/06/27,71,000,72,000,70,800,71,400,310,357
2011/06/30,71,900,72,800,71,800,72,600,90,363
2015/08/24,1,084,1,099,1,039,1,041,142,800,1,041
2015/08/25,955,1,015,939,983,278,500,983
2015/08/26,985,999,966,984,187,500,984
2015/08/27,1,005,1,006,966,971,232,400,971
2015/08/28,998,1,016,986,1,004,184,100,1,004
2015/08/31,1,030,1,030,1,010,1,026,98,800,1,026
2015/09/01,1,015,1,024,988,992,152,400,992
2015/09/02,970,999,965,969,134,000,969
2015/09/03,986,1,004,963,970,91,500,970
2015/09/04,979,980,912,929,123,200,929
2015/09/07,914,941,901,922,129,000,922
2015/09/08,922,940,907,911,61,200,911
2015/09/09,936,970,936,966,150,100,966
2015/09/10,942,955,918,945,147,900,945
2015/09/11,936,980,936,975,120,600,975
2015/09/14,974,974,943,961,109,900,961
2015/09/15,972,974,943,951,98,700,951
2015/09/16,965,999,958,974,102,000,974
2015/09/17,989,1,009,985,995,88,400,995
2015/09/18,985,987,966,977,107,600,977
2015/09/24,954,966,933,933,121,700,933
2015/09/25,933,946,919,940,110,500,940
