2011/04/26,1,170,1,170,1,080,1,155,1,500,1,155
2011/05/02,1,199,1,199,1,199,1,199,200,1,199
2011/05/06,1,198,1,198,1,198,1,198,200,1,198
2011/05/10,1,198,1,200,1,198,1,200,500,1,200
2011/05/11,1,200,1,201,1,200,1,201,800,1,201
2011/05/12,1,201,1,201,1,201,1,201,1,000,1,201
2011/05/13,1,201,1,201,1,201,1,201,500,1,201
2011/05/16,1,120,1,120,1,120,1,120,300,1,120
2011/05/20,1,200,1,200,1,200,1,200,100,1,200
2011/05/25,1,200,1,200,1,200,1,200,1,700,1,200
2011/05/30,1,150,1,150,1,140,1,140,2,200,1,140
2011/06/09,1,100,1,115,1,090,1,115,6,800,1,115
2011/06/10,1,090,1,090,1,090,1,090,2,400,1,090
2011/06/16,1,076,1,076,1,076,1,076,100,1,076
2011/06/17,1,076,1,076,1,075,1,075,200,1,075
2011/06/23,1,099,1,099,1,099,1,099,100,1,099
2011/06/24,1,099,1,099,1,099,1,099,1,800,1,099
2011/06/27,1,185,1,185,1,100,1,100,500,1,100
2011/06/28,1,100,1,100,1,100,1,100,100,1,100
2011/06/29,1,100,1,100,1,100,1,100,300,1,100
2015/08/24,3,350,3,400,3,345,3,400,5,600,3,400
2015/08/25,3,400,3,400,3,280,3,350,4,700,3,350
2015/08/26,3,350,3,350,3,350,3,350,100,3,350
2015/08/27,3,350,3,420,3,350,3,350,400,3,350
2015/08/28,3,350,3,380,3,300,3,380,800,3,380
2015/08/31,3,355,3,410,3,350,3,350,2,100,3,350
2015/09/01,3,350,3,400,3,350,3,390,1,900,3,390
2015/09/02,3,330,3,385,3,330,3,360,1,400,3,360
2015/09/03,3,355,3,400,3,310,3,345,2,900,3,345
2015/09/04,3,320,3,390,3,300,3,300,1,000,3,300
2015/09/07,3,300,3,300,3,230,3,230,1,500,3,230
2015/09/08,3,230,3,250,3,230,3,245,2,200,3,245
2015/09/09,3,270,3,270,3,215,3,215,1,800,3,215
2015/09/10,3,215,3,285,3,215,3,250,1,500,3,250
2015/09/11,3,260,3,275,3,260,3,275,600,3,275
2015/09/14,3,275,3,340,3,275,3,340,1,500,3,340
2015/09/15,3,340,3,340,3,340,3,340,700,3,340
2015/09/16,3,340,3,340,3,260,3,340,3,100,3,340
2015/09/17,3,340,3,340,3,255,3,255,1,500,3,255
2015/09/18,3,250,3,260,3,240,3,260,3,900,3,260
2015/09/24,3,200,3,245,3,200,3,230,1,800,3,230
2015/09/25,3,230,3,230,3,215,3,215,1,100,3,215
2015/09/28,3,225,3,225,3,180,3,180,600,3,180
2015/09/29,3,180,3,185,3,150,3,150,4,900,3,150
2015/09/30,3,105,3,510,3,000,3,000,6,800,3,000
2015/10/01,3,000,3,050,3,000,3,010,600,3,010
2015/10/02,3,000,3,000,3,000,3,000,200,3,000
2015/10/05,2,930,2,950,2,930,2,950,400,2,950
2015/10/06,2,956,3,000,2,956,3,000,1,700,3,000
2015/10/07,3,000,3,040,2,995,3,040,2,600,3,040
2015/10/08,3,045,3,045,3,045,3,045,200,3,045
2015/10/09,3,010,3,010,2,998,3,005,1,000,3,005
