2011/06/03,364,367,357,360,494,000,360
2011/06/06,356,359,355,355,474,000,355
2011/06/07,352,367,348,366,473,000,366
2011/06/08,362,366,361,364,312,000,364
2011/06/09,364,372,363,370,446,000,370
2011/06/10,372,374,366,369,591,000,369
2011/06/13,361,368,361,365,226,000,365
2011/06/14,364,369,363,368,319,000,368
2011/06/15,368,369,365,369,209,000,369
2011/06/16,363,365,358,358,262,000,358
2011/06/17,358,360,354,356,473,000,356
2011/06/20,358,363,358,361,316,000,361
2011/06/21,361,368,361,366,335,000,366
2011/06/22,372,376,370,375,382,000,375
2011/06/23,375,385,375,385,781,000,385
2011/06/24,387,390,387,389,424,000,389
2011/06/27,388,392,386,390,457,000,390
2011/06/28,392,396,392,395,449,000,395
2011/06/29,398,401,396,401,547,000,401
2011/06/30,402,415,401,415,900,000,415
2015/08/24,449,456,435,436,1,033,000,436
2015/08/25,419,437,401,412,1,436,000,412
2015/08/26,416,433,410,428,1,091,000,428
2015/08/27,437,440,422,426,1,104,000,426
2015/08/28,438,455,436,452,1,197,000,452
2015/08/31,460,463,448,454,1,093,000,454
2015/09/01,448,449,430,431,838,000,431
2015/09/02,415,426,411,413,789,000,413
2015/09/03,419,426,414,418,534,000,418
2015/09/04,419,420,400,405,778,000,405
2015/09/07,397,407,393,403,522,000,403
2015/09/08,397,412,397,403,785,000,403
2015/09/09,418,436,418,435,689,000,435
2015/09/10,434,440,427,439,651,000,439
2015/09/11,435,440,426,426,657,000,426
2015/09/14,429,430,420,424,304,000,424
2015/09/15,427,434,423,424,341,000,424
2015/09/16,431,440,429,440,361,000,440
2015/09/17,443,457,442,452,448,000,452
2015/09/18,446,446,436,442,527,000,442
2015/09/24,421,421,402,402,1,441,000,402
2015/09/25,405,409,395,400,1,638,000,400
2015/09/28,396,404,380,384,1,724,000,384
2015/09/29,375,376,362,363,1,986,000,363
2015/09/30,371,383,370,371,1,560,000,371
2015/10/01,367,381,366,376,1,445,000,376
2015/10/02,368,381,368,375,1,302,000,375
2015/10/05,383,389,380,383,1,124,000,383
2015/10/06,389,391,379,382,1,036,000,382
2015/10/07,382,396,382,392,1,339,000,392
