2011/06/03,1,132,1,139,1,102,1,104,1,226,900,1,104
2011/06/06,1,106,1,114,1,094,1,097,1,117,400,1,097
2011/06/07,1,096,1,110,1,087,1,106,1,496,900,1,106
2011/06/08,1,107,1,117,1,095,1,114,925,500,1,114
2011/06/09,1,102,1,106,1,085,1,096,1,469,700,1,096
2011/06/10,1,102,1,112,1,091,1,093,1,429,400,1,093
2011/06/13,1,082,1,098,1,074,1,092,469,800,1,092
2011/06/14,1,081,1,104,1,074,1,100,926,600,1,100
2011/06/15,1,100,1,111,1,096,1,109,625,900,1,109
2011/06/16,1,108,1,115,1,089,1,094,829,700,1,094
2011/06/17,1,107,1,111,1,087,1,093,836,200,1,093
2011/06/20,1,100,1,105,1,090,1,093,517,900,1,093
2011/06/21,1,098,1,102,1,087,1,102,439,600,1,102
2011/06/22,1,113,1,131,1,112,1,125,829,500,1,125
2011/06/23,1,110,1,119,1,102,1,108,720,400,1,108
2011/06/24,1,121,1,150,1,120,1,143,1,214,700,1,143
2011/06/27,1,144,1,146,1,131,1,134,700,400,1,134
2011/06/28,1,135,1,144,1,129,1,135,515,700,1,135
2011/06/29,1,153,1,167,1,142,1,167,772,600,1,167
2011/06/30,1,174,1,185,1,171,1,185,1,138,800,1,185
2015/08/24,1,654,1,693,1,618,1,618,2,339,200,1,618
2015/08/25,1,530,1,645,1,530,1,566,2,453,700,1,566
2015/08/26,1,556,1,639,1,522,1,621,2,096,100,1,621
2015/08/27,1,645,1,660,1,615,1,616,1,046,100,1,616
2015/08/28,1,667,1,700,1,651,1,686,1,245,300,1,686
2015/08/31,1,685,1,685,1,650,1,657,982,900,1,657
2015/09/01,1,644,1,644,1,603,1,603,1,318,300,1,603
2015/09/02,1,573,1,598,1,550,1,559,1,711,100,1,559
2015/09/03,1,587,1,629,1,584,1,602,1,777,600,1,602
2015/09/04,1,619,1,619,1,543,1,559,1,468,700,1,559
2015/09/07,1,549,1,590,1,530,1,575,903,700,1,575
2015/09/08,1,585,1,597,1,554,1,558,793,000,1,558
2015/09/09,1,635,1,699,1,627,1,682,2,198,400,1,682
2015/09/10,1,629,1,674,1,617,1,667,1,042,300,1,667
2015/09/11,1,707,1,709,1,653,1,656,1,788,300,1,656
2015/09/14,1,670,1,677,1,616,1,631,780,900,1,631
2015/09/15,1,646,1,682,1,632,1,665,1,197,600,1,665
2015/09/16,1,662,1,668,1,615,1,629,1,490,400,1,629
2015/09/17,1,644,1,673,1,644,1,652,1,025,000,1,652
2015/09/18,1,631,1,631,1,592,1,602,1,562,000,1,602
2015/09/24,1,590,1,598,1,540,1,541,1,174,600,1,541
2015/09/25,1,543,1,570,1,521,1,566,860,200,1,566
2015/09/28,1,550,1,557,1,507,1,518,883,800,1,518
2015/09/29,1,465,1,468,1,371,1,377,3,795,900,1,377
2015/09/30,1,407,1,445,1,390,1,434,2,279,000,1,434
2015/10/01,1,429,1,472,1,401,1,458,1,298,300,1,458
2015/10/02,1,455,1,469,1,427,1,458,1,031,500,1,458
2015/10/05,1,481,1,493,1,461,1,472,857,700,1,472
2015/10/06,1,506,1,519,1,471,1,476,845,600,1,476
2015/10/07,1,477,1,515,1,474,1,503,1,240,300,1,503
2015/10/08,1,513,1,548,1,506,1,519,1,270,300,1,519
2015/10/09,1,538,1,583,1,529,1,583,1,141,800,1,583
