2011/06/02,269,269,260,269,2,300,269
2011/06/03,263,268,263,268,500,268
2011/06/06,269,269,259,262,1,800,262
2011/06/07,262,262,261,261,400,261
2011/06/08,261,268,260,267,3,700,267
2011/06/09,265,267,259,267,700,267
2011/06/13,260,260,250,256,4,100,256
2011/06/14,262,264,252,264,1,600,264
2011/06/15,264,264,256,264,5,600,264
2011/06/16,264,264,254,258,900,258
2011/06/17,259,261,259,261,1,200,261
2011/06/20,265,265,261,263,7,000,263
2011/06/21,263,266,263,265,5,400,265
2011/06/22,268,268,265,266,400,266
2011/06/23,264,268,263,268,3,900,268
2011/06/24,268,268,265,268,2,200,268
2011/06/27,268,268,268,268,2,000,268
2011/06/28,262,270,262,265,4,400,265
2011/06/29,270,279,266,273,3,600,273
2011/06/30,273,273,267,270,700,270
2015/08/24,650,655,640,650,18,100,650
2015/08/25,630,640,600,609,27,700,609
2015/08/26,615,629,615,629,3,700,629
2015/08/27,632,648,630,648,8,800,648
2015/08/28,650,654,649,650,4,900,650
2015/08/31,658,660,650,652,3,900,652
2015/09/01,648,657,645,652,2,600,652
2015/09/02,650,650,638,649,3,000,649
2015/09/03,641,650,641,641,1,700,641
2015/09/04,634,634,629,632,9,100,632
2015/09/07,625,627,612,625,13,600,625
2015/09/08,625,625,616,616,5,200,616
2015/09/09,618,630,618,630,3,400,630
2015/09/10,625,628,622,623,3,100,623
2015/09/11,621,639,621,639,4,300,639
2015/09/14,632,640,630,630,5,400,630
2015/09/15,631,633,631,632,2,700,632
2015/09/16,638,640,633,636,5,800,636
2015/09/17,634,648,634,648,8,400,648
2015/09/18,648,648,634,642,6,000,642
2015/09/24,638,638,628,629,2,800,629
2015/09/25,629,630,622,630,10,200,630
2015/09/28,650,720,633,635,235,800,635
2015/09/29,624,624,610,615,34,600,615
2015/09/30,612,617,612,614,16,600,614
2015/10/01,613,619,613,618,7,700,618
2015/10/02,620,623,616,618,4,000,618
2015/10/05,620,621,615,619,14,100,619
2015/10/06,622,624,618,619,4,700,619
2015/10/07,620,621,619,621,2,800,621
