2011/06/03,540,540,504,505,4,800,505
2011/06/06,504,504,483,483,1,700,483
2011/06/07,483,483,456,480,2,500,480
2011/06/08,470,470,434,442,2,900,442
2011/06/09,450,450,442,443,1,600,443
2011/06/10,449,451,443,443,2,300,443
2011/06/13,443,490,443,490,4,700,490
2011/06/14,489,489,489,489,200,489
2011/06/15,462,463,460,462,1,900,462
2011/06/16,460,467,460,467,2,400,467
2011/06/17,457,457,457,457,400,457
2011/06/20,457,457,457,457,1,600,457
2011/06/21,457,457,457,457,100,457
2011/06/22,457,465,457,465,300,465
2011/06/23,515,545,515,545,3,600,545
2011/06/24,575,645,496,523,58,400,523
2011/06/27,486,500,462,480,12,800,480
2011/06/28,520,520,460,462,5,800,462
2011/06/29,470,481,466,470,2,200,470
2011/06/30,480,480,470,470,1,400,470
2015/08/24,570,590,546,546,37,100,546
2015/08/25,501,556,475,515,20,200,515
2015/08/26,540,540,520,540,13,600,540
2015/08/27,559,565,530,560,21,700,560
2015/08/28,561,593,561,592,13,500,592
2015/08/31,592,597,590,591,16,100,591
2015/09/01,592,593,588,588,9,700,588
2015/09/02,588,589,571,580,9,200,580
2015/09/03,575,580,574,574,2,200,574
2015/09/04,574,574,529,529,9,200,529
2015/09/07,519,522,502,522,18,200,522
2015/09/08,562,562,546,546,7,800,546
2015/09/09,565,569,557,569,1,900,569
2015/09/10,589,610,589,595,5,500,595
2015/09/11,595,610,585,610,9,300,610
2015/09/14,609,615,609,615,1,600,615
2015/09/15,610,619,600,600,9,600,600
2015/09/16,604,604,580,593,2,500,593
2015/09/17,593,604,590,604,5,300,604
2015/09/18,607,607,594,594,1,600,594
2015/09/24,588,599,585,598,3,100,598
2015/09/25,598,598,585,585,1,300,585
2015/09/28,595,595,595,595,500,595
2015/09/29,605,605,581,581,2,400,581
2015/09/30,602,602,599,600,1,600,600
2015/10/01,600,616,600,616,4,800,616
2015/10/02,604,610,604,610,800,610
2015/10/05,612,612,610,610,1,100,610
2015/10/06,624,685,611,685,10,300,685
2015/10/07,797,797,797,797,400,797
2015/10/08,914,917,911,915,674,500,915
