2011/06/03,251,255,244,246,646,000,246
2011/06/06,244,250,239,240,532,000,240
2011/06/07,242,244,238,240,727,000,240
2011/06/08,239,240,235,238,553,000,238
2011/06/09,239,246,237,245,590,000,245
2011/06/10,249,252,244,245,1,090,000,245
2011/06/13,242,254,241,254,1,082,000,254
2011/06/14,255,256,249,253,906,000,253
2011/06/15,258,259,252,257,1,266,000,257
2011/06/16,255,279,255,275,7,676,000,275
2011/06/17,280,283,259,265,5,369,000,265
2011/06/20,270,275,262,266,2,414,000,266
2011/06/21,266,275,266,272,2,050,000,272
2011/06/22,276,278,270,272,1,618,000,272
2011/06/23,272,272,266,268,903,000,268
2011/06/24,270,276,267,275,1,240,000,275
2011/06/27,273,275,272,273,839,000,273
2011/06/28,273,275,268,269,1,050,000,269
2011/06/29,271,273,266,269,784,000,269
2011/06/30,266,267,263,267,839,000,267
2015/08/24,186,194,181,182,660,000,182
2015/08/25,175,187,168,174,756,000,174
2015/08/26,179,185,177,182,661,000,182
2015/08/27,187,188,181,183,474,000,183
2015/08/28,187,192,187,191,341,000,191
2015/08/31,196,196,188,191,333,000,191
2015/09/01,188,189,181,182,461,000,182
2015/09/02,177,184,177,180,366,000,180
2015/09/03,180,183,180,180,316,000,180
2015/09/04,181,186,179,180,651,000,180
2015/09/07,176,179,172,177,385,000,177
2015/09/08,180,180,175,175,197,000,175
2015/09/09,180,183,178,183,363,000,183
2015/09/10,181,183,178,181,182,000,181
2015/09/11,183,186,182,184,341,000,184
2015/09/14,186,186,183,183,182,000,183
2015/09/15,184,186,181,181,199,000,181
2015/09/16,183,183,179,181,174,000,181
2015/09/17,182,184,179,184,211,000,184
2015/09/18,180,181,177,179,284,000,179
2015/09/24,175,178,172,172,312,000,172
2015/09/25,173,178,172,178,446,000,178
2015/09/28,179,188,179,181,500,000,181
2015/09/29,181,181,172,172,640,000,172
2015/09/30,175,177,174,176,343,000,176
2015/10/01,176,177,175,176,168,000,176
2015/10/02,177,179,175,178,165,000,178
2015/10/05,182,183,180,181,168,000,181
2015/10/06,184,185,181,183,276,000,183
2015/10/07,183,189,182,188,386,000,188
2015/10/08,191,193,186,188,470,000,188
