2011/06/03,345,349,339,342,2,013,000,342
2011/06/06,342,342,328,329,2,933,000,329
2011/06/07,332,334,325,332,3,352,000,332
2011/06/08,330,333,326,332,2,491,000,332
2011/06/09,328,335,328,335,1,403,000,335
2011/06/10,339,343,335,335,3,578,000,335
2011/06/13,328,336,327,333,1,055,000,333
2011/06/14,336,338,332,338,1,343,000,338
2011/06/15,341,346,335,339,2,514,000,339
2011/06/16,332,345,332,339,9,252,000,339
2011/06/17,340,347,334,338,11,551,000,338
2011/06/20,335,345,335,338,4,651,000,338
2011/06/21,338,343,334,339,1,812,000,339
2011/06/22,342,349,341,346,2,804,000,346
2011/06/23,343,347,341,344,1,615,000,344
2011/06/24,347,351,346,349,2,306,000,349
2011/06/27,347,349,345,346,1,091,000,346
2011/06/28,348,350,343,344,1,554,000,344
2011/06/29,349,349,345,346,1,196,000,346
2011/06/30,345,347,341,345,1,539,000,345
2015/08/24,398,403,389,389,1,013,000,389
2015/08/25,379,392,367,370,1,525,000,370
2015/08/26,371,384,369,378,1,777,000,378
2015/08/27,384,387,379,381,890,000,381
2015/08/28,391,405,390,400,725,000,400
2015/08/31,398,398,385,391,858,000,391
2015/09/01,400,411,395,396,1,941,000,396
2015/09/02,391,401,389,392,1,092,000,392
2015/09/03,395,399,386,386,668,000,386
2015/09/04,386,387,374,378,1,162,000,378
2015/09/07,378,383,371,379,637,000,379
2015/09/08,382,387,376,378,841,000,378
2015/09/09,394,401,390,401,1,181,000,401
2015/09/10,390,399,390,399,629,000,399
2015/09/11,396,402,395,398,2,148,000,398
2015/09/14,398,400,382,383,1,019,000,383
2015/09/15,391,394,386,387,627,000,387
2015/09/16,389,394,388,391,513,000,391
2015/09/17,394,401,391,399,581,000,399
2015/09/18,393,394,385,388,608,000,388
2015/09/24,376,380,366,367,695,000,367
2015/09/25,368,369,357,366,1,278,000,366
