2011/06/03,356,357,348,349,509,000,349
2011/06/06,345,348,336,347,876,000,347
2011/06/07,352,355,347,355,571,000,355
2011/06/08,354,357,348,351,456,000,351
2011/06/09,356,357,352,354,395,000,354
2011/06/10,354,354,349,350,548,000,350
2011/06/13,345,349,344,347,221,000,347
2011/06/14,349,351,348,349,269,000,349
2011/06/15,349,350,345,345,504,000,345
2011/06/16,344,346,341,341,282,000,341
2011/06/17,345,345,335,335,418,000,335
2011/06/20,335,340,334,336,204,000,336
2011/06/21,339,340,336,338,218,000,338
2011/06/22,339,347,339,345,373,000,345
2011/06/23,342,345,338,342,270,000,342
2011/06/24,339,345,339,344,412,000,344
2011/06/27,341,344,339,339,321,000,339
2011/06/28,339,343,338,339,496,000,339
2011/06/29,343,349,341,347,654,000,347
2011/06/30,348,353,347,350,714,000,350
2015/08/24,421,429,415,415,1,257,000,415
2015/08/25,407,426,394,406,1,578,000,406
2015/08/26,414,425,406,421,1,133,000,421
2015/08/27,435,435,416,420,1,136,000,420
2015/08/28,431,446,431,445,919,000,445
2015/08/31,437,456,434,451,2,280,000,451
2015/09/01,442,457,433,433,1,503,000,433
2015/09/02,420,424,413,417,1,386,000,417
2015/09/03,420,427,416,426,1,054,000,426
2015/09/04,428,434,420,431,1,470,000,431
2015/09/07,430,432,412,431,1,169,000,431
2015/09/08,434,448,431,436,903,000,436
2015/09/09,451,457,435,445,1,513,000,445
2015/09/10,436,446,428,443,1,166,000,443
2015/09/11,435,446,435,436,900,000,436
2015/09/14,437,440,422,429,735,000,429
2015/09/15,430,436,425,427,786,000,427
2015/09/16,429,436,423,428,1,932,000,428
2015/09/17,428,435,425,429,1,491,000,429
2015/09/18,423,427,414,421,904,000,421
2015/09/24,413,413,395,395,1,178,000,395
2015/09/25,397,397,385,387,2,111,000,387
2015/09/28,387,389,380,383,1,205,000,383
2015/09/29,378,378,364,365,1,328,000,365
2015/09/30,372,385,372,380,1,167,000,380
2015/10/01,381,384,375,382,945,000,382
2015/10/02,377,383,371,379,1,486,000,379
2015/10/05,384,388,382,382,955,000,382
2015/10/06,391,401,391,392,1,105,000,392
2015/10/07,398,404,395,401,1,137,000,401
2015/10/08,401,416,400,411,1,349,000,411
