2011/05/27,500,500,500,500,200,500
2011/05/30,502,502,502,502,100,502
2011/05/31,534,534,514,525,1,600,525
2011/06/01,523,523,521,521,400,521
2011/06/02,541,541,501,501,1,800,501
2011/06/03,494,505,494,503,400,503
2011/06/06,496,510,490,510,1,200,510
2011/06/08,500,500,500,500,100,500
2011/06/09,500,500,500,500,100,500
2011/06/10,510,510,510,510,1,000,510
2011/06/13,520,520,519,519,200,519
2011/06/15,520,520,520,520,300,520
2011/06/16,512,515,505,505,1,500,505
2011/06/20,530,530,530,530,1,000,530
2011/06/22,516,525,515,525,900,525
2011/06/24,515,515,515,515,100,515
2011/06/27,520,520,514,514,300,514
2011/06/28,514,514,514,514,100,514
2011/06/29,524,532,524,532,1,600,532
2011/06/30,572,572,572,572,1,100,572
2015/08/18,794,794,793,793,3,100,793
2015/08/19,763,775,763,769,1,400,769
2015/08/20,769,770,760,770,600,770
2015/08/24,770,770,745,745,900,745
2015/08/25,730,730,708,708,1,100,708
2015/08/26,708,711,708,711,900,711
2015/08/28,713,720,713,720,700,720
2015/08/31,750,756,750,756,1,300,756
2015/09/01,756,756,729,746,900,746
2015/09/02,746,747,746,746,500,746
2015/09/03,746,746,741,741,600,741
2015/09/04,741,741,741,741,600,741
2015/09/07,740,740,731,731,1,000,731
2015/09/08,731,731,731,731,800,731
2015/09/09,731,731,731,731,900,731
2015/09/14,741,741,741,741,200,741
2015/09/15,800,800,799,800,2,800,800
2015/09/16,798,798,765,765,2,400,765
2015/09/17,770,770,770,770,100,770
2015/09/18,825,825,761,761,3,600,761
2015/09/24,746,746,746,746,600,746
2015/09/25,747,749,747,749,300,749
2015/09/28,751,752,751,752,200,752
2015/09/29,798,798,798,798,100,798
2015/09/30,828,828,783,783,2,000,783
2015/10/01,780,780,779,779,200,779
2015/10/02,764,764,764,764,200,764
2015/10/09,750,750,750,750,1,300,750
