2011/06/03,775,784,756,758,1,500,379
2011/06/06,759,775,759,774,900,387
2011/06/13,788,788,762,772,900,386
2011/06/15,788,792,788,792,200,396
2011/06/16,790,790,790,790,200,395
2011/06/20,787,790,787,788,1,200,394
2011/06/21,796,808,796,802,2,500,401
2011/06/23,813,828,813,828,2,400,414
2011/06/24,822,823,820,820,2,900,410
2011/06/27,820,820,778,810,1,600,405
2015/08/24,779,779,736,747,22,200,747
2015/08/25,690,739,680,702,13,400,702
2015/08/26,749,749,730,745,4,000,745
2015/08/27,755,755,725,738,6,400,738
2015/08/28,741,757,741,757,7,200,757
2015/08/31,764,766,757,766,4,800,766
2015/09/01,766,766,759,760,4,700,760
2015/09/02,745,760,737,745,7,500,745
2015/09/03,760,777,760,777,9,700,777
2015/09/04,772,772,733,746,6,300,746
2015/09/07,740,751,730,731,3,000,731
2015/09/08,734,740,729,729,1,800,729
2015/09/09,744,759,741,758,2,300,758
2015/09/10,739,749,739,749,4,100,749
2015/09/11,756,760,749,760,2,000,760
2015/09/14,760,766,754,754,3,200,754
2015/09/15,763,764,755,762,800,762
2015/09/16,760,766,760,766,1,800,766
2015/09/17,763,772,763,772,3,900,772
2015/09/18,772,774,764,772,6,000,772
2015/09/24,767,785,767,784,4,900,784
2015/09/25,783,787,772,783,8,300,783
2015/09/28,788,800,788,799,3,300,799
2015/09/29,798,798,777,778,2,100,778
2015/09/30,793,796,785,794,1,500,794
2015/10/01,798,799,781,788,4,300,788
2015/10/02,797,797,792,795,2,600,795
2015/10/05,796,820,793,818,10,600,818
2015/10/06,820,828,818,823,5,600,823
2015/10/07,828,840,828,840,3,900,840
2015/10/08,850,861,850,850,5,700,850
2015/10/09,864,865,853,863,2,700,863
