2011/06/03,919,933,895,897,93,600,897
2011/06/06,897,906,884,894,38,600,894
2011/06/07,894,906,885,904,37,100,904
2011/06/08,902,905,893,902,30,400,902
2011/06/09,895,897,886,896,28,600,896
2011/06/10,910,932,902,922,112,600,922
2011/06/13,907,938,906,932,65,700,932
2011/06/14,940,967,939,967,214,400,967
2011/06/15,998,1,006,978,990,272,100,990
2011/06/16,998,998,970,974,141,000,974
2011/06/17,981,993,926,928,170,200,928
2011/06/20,943,970,943,944,75,100,944
2011/06/21,959,960,935,942,60,100,942
2011/06/22,957,959,937,947,117,600,947
2011/06/23,959,965,951,956,137,500,956
2011/06/24,968,975,955,966,105,600,966
2011/06/27,971,974,955,955,67,000,955
2011/06/28,968,968,939,942,70,800,942
2011/06/29,950,956,941,947,59,200,947
2011/06/30,943,946,934,938,64,800,938
2015/08/24,990,1,014,975,975,114,200,975
2015/08/25,950,1,000,928,946,126,400,946
2015/08/26,954,975,940,965,78,800,965
2015/08/27,995,996,961,961,111,800,961
2015/08/28,984,1,000,970,995,68,600,995
2015/08/31,1,010,1,014,994,1,009,66,900,1,009
2015/09/01,1,000,1,001,966,967,80,300,967
2015/09/02,950,966,935,936,107,700,936
2015/09/03,949,952,938,941,47,100,941
2015/09/04,945,949,912,920,85,600,920
2015/09/07,910,931,907,921,60,500,921
2015/09/08,923,926,907,910,55,000,910
2015/09/09,925,940,922,939,79,200,939
2015/09/10,925,939,917,929,49,400,929
2015/09/11,917,940,917,933,102,900,933
2015/09/14,948,948,920,920,136,700,920
2015/09/15,931,947,921,922,103,600,922
2015/09/16,934,941,927,933,68,500,933
2015/09/17,938,952,934,948,64,800,948
2015/09/18,949,950,932,939,53,300,939
2015/09/24,933,940,922,922,88,800,922
2015/09/25,937,946,922,946,78,200,946
2015/09/28,920,944,920,928,67,600,928
2015/09/29,918,918,900,900,81,800,900
2015/09/30,910,932,910,921,108,300,921
2015/10/01,923,929,910,923,68,200,923
2015/10/02,923,923,892,907,130,200,907
2015/10/05,922,936,911,934,77,000,934
2015/10/06,946,955,941,947,108,800,947
2015/10/07,972,995,961,982,211,800,982
2015/10/08,982,982,967,971,72,300,971
2015/10/09,971,1,015,971,1,013,143,700,1,013
