2011/06/03,81,81,80,80,60,000,80
2011/06/06,82,85,81,83,626,000,83
2011/06/07,83,84,82,84,259,000,84
2011/06/08,84,84,82,84,195,000,84
2011/06/09,83,83,81,82,368,000,82
2011/06/10,82,82,80,80,181,000,80
2011/06/13,81,83,81,83,269,000,83
2011/06/14,83,84,82,84,439,000,84
2011/06/15,84,85,82,83,371,000,83
2011/06/16,83,89,82,85,1,906,000,85
2011/06/17,86,90,86,89,2,012,000,89
2011/06/20,92,95,90,91,3,933,000,91
2011/06/21,90,91,87,91,1,144,000,91
2011/06/22,92,95,90,94,2,210,000,94
2011/06/23,94,102,94,101,5,235,000,101
2011/06/24,101,105,99,99,2,558,000,99
2011/06/27,100,102,97,97,1,234,000,97
2011/06/28,99,99,94,95,825,000,95
2011/06/29,96,96,91,93,1,358,000,93
2011/06/30,93,97,92,97,819,000,97
2015/08/24,117,118,102,103,1,520,000,103
2015/08/25,97,110,95,99,1,950,000,99
2015/08/26,107,111,103,108,590,000,108
2015/08/27,111,114,111,111,467,000,111
2015/08/28,114,115,114,114,283,000,114
2015/08/31,113,113,111,112,259,000,112
2015/09/01,113,113,108,109,274,000,109
2015/09/02,106,111,103,107,319,000,107
2015/09/03,110,110,107,107,198,000,107
2015/09/04,107,108,97,100,996,000,100
2015/09/07,102,114,100,112,964,000,112
2015/09/08,116,123,109,112,1,732,000,112
2015/09/09,115,117,112,113,491,000,113
2015/09/10,113,113,107,112,326,000,112
2015/09/11,113,114,111,112,136,000,112
2015/09/14,113,120,112,116,726,000,116
2015/09/15,114,115,113,114,212,000,114
2015/09/16,113,114,110,111,319,000,111
2015/09/17,111,112,110,111,207,000,111
2015/09/18,110,110,109,110,176,000,110
2015/09/24,109,109,106,106,246,000,106
2015/09/25,104,108,104,108,198,000,108
2015/09/28,107,108,103,105,328,000,105
2015/09/29,104,104,101,102,195,000,102
2015/09/30,103,104,102,103,137,000,103
2015/10/01,104,107,104,107,129,000,107
2015/10/02,105,110,105,108,128,000,108
2015/10/05,110,111,109,110,128,000,110
2015/10/06,110,111,108,108,117,000,108
2015/10/07,109,110,108,110,129,000,110
