2011/06/03,78,300,78,500,77,400,77,600,164,776
2011/06/06,78,000,79,900,76,700,77,100,100,771
2011/06/07,77,000,78,900,76,800,77,600,114,776
2011/06/08,77,800,78,700,77,500,78,300,154,783
2011/06/09,78,000,78,500,77,500,77,500,60,775
2011/06/10,78,900,78,900,77,300,77,500,38,775
2011/06/13,77,300,78,000,77,200,77,500,85,775
2011/06/14,77,000,77,900,76,000,77,000,235,770
2011/06/15,77,300,78,400,76,900,77,600,94,776
2011/06/16,77,500,78,500,76,900,77,900,145,779
2011/06/17,77,600,77,900,77,000,77,300,89,773
2011/06/20,62,800,65,300,62,500,64,500,2,715,645
2011/06/21,63,000,64,500,62,900,63,000,828,630
2011/06/22,63,900,65,000,63,000,63,400,498,634
2011/06/23,64,400,65,100,62,900,63,400,438,634
2011/06/24,63,300,64,300,63,300,63,900,121,639
2011/06/27,63,900,64,800,63,900,64,100,148,641
2011/06/28,64,300,64,900,64,000,64,000,234,640
2011/06/29,64,300,64,400,63,500,64,100,133,641
2011/06/30,64,300,64,300,63,600,63,700,132,637
2015/08/24,1,650,1,879,1,520,1,610,2,312,400,1,610
2015/08/25,1,581,1,707,1,373,1,404,1,383,300,1,404
2015/08/26,1,490,1,534,1,412,1,491,817,500,1,491
2015/08/27,1,545,1,747,1,494,1,692,2,793,700,1,692
2015/08/28,1,791,1,883,1,751,1,800,1,781,700,1,800
2015/08/31,1,830,2,187,1,758,2,072,3,272,600,2,072
2015/09/01,1,985,2,108,1,859,1,893,1,968,500,1,893
2015/09/02,1,813,2,014,1,780,1,885,1,660,800,1,885
2015/09/03,2,005,2,099,1,960,2,066,2,011,000,2,066
2015/09/04,2,066,2,067,1,735,1,744,1,796,400,1,744
2015/09/07,1,773,1,853,1,701,1,739,794,600,1,739
2015/09/08,1,720,1,817,1,636,1,693,787,500,1,693
2015/09/09,1,813,1,850,1,746,1,826,691,200,1,826
2015/09/10,1,773,1,775,1,683,1,730,418,300,1,730
2015/09/11,1,764,1,831,1,736,1,794,354,500,1,794
2015/09/14,1,860,1,963,1,750,1,764,830,700,1,764
2015/09/15,1,758,1,790,1,630,1,635,457,100,1,635
2015/09/16,1,646,1,658,1,521,1,610,487,200,1,610
2015/09/17,1,625,1,745,1,591,1,650,292,700,1,650
2015/09/18,1,650,1,710,1,611,1,687,196,500,1,687
2015/09/24,1,625,1,648,1,553,1,562,148,900,1,562
2015/09/25,1,561,1,600,1,500,1,583,175,000,1,583
2015/09/28,1,574,1,600,1,540,1,600,99,500,1,600
2015/09/29,1,560,1,591,1,472,1,486,149,000,1,486
2015/09/30,1,513,1,522,1,439,1,476,196,900,1,476
2015/10/01,1,493,1,597,1,470,1,536,150,100,1,536
2015/10/02,1,511,1,669,1,508,1,583,251,900,1,583
2015/10/05,1,640,1,673,1,618,1,635,142,200,1,635
2015/10/06,1,651,1,880,1,651,1,702,825,700,1,702
2015/10/07,1,775,1,795,1,702,1,774,335,800,1,774
2015/10/08,1,798,1,798,1,710,1,726,178,400,1,726
2015/10/09,1,728,1,810,1,705,1,772,230,500,1,772
