2011/06/03,554,562,547,547,211,000,547
2011/06/06,550,560,548,555,389,000,555
2011/06/07,556,561,554,561,191,000,561
2011/06/08,560,562,546,552,271,000,552
2011/06/09,552,552,540,545,284,000,545
2011/06/10,545,548,540,542,348,000,542
2011/06/13,533,541,533,540,195,000,540
2011/06/14,541,554,537,552,297,000,552
2011/06/15,558,572,558,570,400,000,570
2011/06/16,567,578,567,570,383,000,570
2011/06/17,572,574,569,574,234,000,574
2011/06/20,571,578,565,566,243,000,566
2011/06/21,564,566,551,563,378,000,563
2011/06/22,566,568,558,562,456,000,562
2011/06/23,563,571,562,569,296,000,569
2011/06/24,569,573,568,571,274,000,571
2011/06/27,570,573,566,572,310,000,572
2011/06/28,580,587,578,581,363,000,581
2011/06/29,578,581,576,579,178,000,579
2011/06/30,580,585,577,585,270,000,585
2015/08/24,2,265,2,317,2,177,2,183,1,007,000,2,183
2015/08/25,2,095,2,320,2,075,2,150,1,011,000,2,150
2015/08/26,2,200,2,331,2,176,2,295,866,000,2,295
2015/08/27,2,370,2,397,2,223,2,237,945,000,2,237
2015/08/28,2,332,2,357,2,262,2,323,1,273,000,2,323
2015/08/31,2,291,2,298,2,203,2,220,950,000,2,220
2015/09/01,2,184,2,184,2,026,2,035,1,579,000,2,035
2015/09/02,1,963,2,009,1,936,1,952,1,617,000,1,952
2015/09/03,2,011,2,018,1,981,1,984,1,210,000,1,984
2015/09/04,1,983,2,002,1,884,1,927,1,239,000,1,927
2015/09/07,1,906,1,953,1,839,1,916,1,012,000,1,916
2015/09/08,1,911,1,953,1,853,1,857,1,233,000,1,857
2015/09/09,1,953,2,057,1,934,2,038,1,678,000,2,038
2015/09/10,1,981,2,064,1,975,2,054,926,000,2,054
2015/09/11,2,066,2,079,1,994,2,005,834,000,2,005
2015/09/14,2,009,2,015,1,951,1,970,565,000,1,970
2015/09/15,1,987,2,046,1,987,1,995,725,000,1,995
2015/09/16,2,039,2,110,2,038,2,051,928,000,2,051
2015/09/17,2,092,2,157,2,092,2,129,675,000,2,129
2015/09/18,2,129,2,129,2,048,2,056,793,000,2,056
2015/09/24,2,017,2,017,1,929,1,951,854,000,1,951
2015/09/25,1,961,1,967,1,888,1,960,505,000,1,960
