2011/05/17,1,002,1,002,1,000,1,000,400,1,000
2011/05/19,1,000,1,000,1,000,1,000,200,1,000
2011/05/30,1,011,1,016,1,011,1,016,500,1,016
2011/05/31,1,037,1,037,1,037,1,037,3,100,1,037
2011/06/01,1,031,1,049,1,031,1,049,700,1,049
2011/06/02,1,012,1,049,1,012,1,049,200,1,049
2011/06/03,1,050,1,061,1,050,1,061,2,300,1,061
2011/06/06,1,050,1,050,1,050,1,050,100,1,050
2011/06/07,1,020,1,020,1,020,1,020,300,1,020
2011/06/09,1,030,1,030,1,030,1,030,100,1,030
2011/06/10,1,060,1,060,1,000,1,035,1,800,1,035
2011/06/13,1,035,1,035,1,035,1,035,400,1,035
2011/06/14,1,065,1,095,1,007,1,007,700,1,007
2011/06/15,1,020,1,020,1,000,1,000,300,1,000
2011/06/16,1,000,1,000,1,000,1,000,100,1,000
2011/06/17,1,020,1,020,1,020,1,020,800,1,020
2011/06/27,1,040,1,040,1,040,1,040,1,000,1,040
2011/06/28,1,068,1,068,1,067,1,067,200,1,067
2011/06/29,1,079,1,100,1,079,1,100,1,000,1,100
2011/06/30,1,122,1,122,1,100,1,100,3,000,1,100
2015/08/17,1,416,1,441,1,411,1,441,400,1,441
2015/08/19,1,440,1,440,1,440,1,440,500,1,440
2015/08/20,1,440,1,440,1,410,1,410,1,400,1,410
2015/08/21,1,380,1,400,1,365,1,365,4,900,1,365
2015/08/24,1,365,1,365,1,335,1,361,1,300,1,361
2015/08/25,1,337,1,337,1,302,1,302,600,1,302
2015/08/26,1,302,1,315,1,302,1,315,900,1,315
2015/08/27,1,328,1,390,1,328,1,390,300,1,390
2015/08/28,1,390,1,400,1,385,1,388,1,900,1,388
2015/08/31,1,400,1,400,1,400,1,400,2,800,1,400
2015/09/01,1,380,1,380,1,330,1,380,1,600,1,380
2015/09/03,1,360,1,360,1,360,1,360,200,1,360
2015/09/04,1,360,1,360,1,360,1,360,300,1,360
2015/09/08,1,360,1,361,1,345,1,345,600,1,345
2015/09/09,1,360,1,360,1,360,1,360,100,1,360
2015/09/10,1,365,1,390,1,349,1,349,8,000,1,349
2015/09/15,1,317,1,322,1,317,1,322,1,100,1,322
2015/09/16,1,320,1,320,1,317,1,317,400,1,317
2015/09/17,1,316,1,316,1,316,1,316,100,1,316
2015/09/18,1,296,1,319,1,296,1,319,200,1,319
2015/09/25,1,302,1,317,1,300,1,300,1,400,1,300
2015/09/28,1,300,1,310,1,299,1,301,2,500,1,301
2015/09/29,1,300,1,300,1,280,1,300,1,000,1,300
2015/09/30,1,302,1,302,1,302,1,302,2,700,1,302
2015/10/01,1,302,1,310,1,302,1,310,600,1,310
2015/10/05,1,290,1,290,1,290,1,290,100,1,290
2015/10/06,1,302,1,302,1,302,1,302,200,1,302
2015/10/08,1,302,1,308,1,298,1,298,500,1,298
