2011/06/08,2,908,2,924,2,870,2,906,264,900,1,453
2011/06/10,2,927,2,950,2,888,2,896,337,100,1,448
2011/06/13,2,874,2,933,2,866,2,908,176,300,1,454
2011/06/14,2,916,2,935,2,906,2,926,151,600,1,463
2011/06/15,2,941,2,941,2,888,2,912,194,100,1,456
2011/06/16,2,912,2,919,2,865,2,878,219,200,1,439
2011/06/17,2,919,2,973,2,917,2,958,733,500,1,479
2011/06/23,2,995,3,005,2,964,2,976,203,800,1,488
2011/06/24,3,010,3,010,2,966,2,988,210,500,1,494
2011/06/27,3,010,3,035,2,995,3,020,305,000,1,510
2011/06/30,3,015,3,030,2,997,3,020,229,900,1,510
2015/08/24,7,620,7,740,7,360,7,360,810,900,7,360
2015/08/25,6,990,7,720,6,960,7,260,1,619,300,7,260
2015/08/26,7,300,7,460,7,190,7,310,1,350,100,7,310
2015/08/27,7,600,7,690,7,330,7,360,1,476,400,7,360
2015/08/28,7,580,7,590,7,320,7,450,1,141,900,7,450
2015/08/31,7,420,7,450,7,180,7,360,1,284,000,7,360
2015/09/01,7,380,7,400,7,040,7,040,912,400,7,040
2015/09/02,6,890,7,240,6,860,7,070,839,400,7,070
2015/09/03,7,190,7,240,7,100,7,190,1,110,400,7,190
2015/09/04,7,260,7,290,6,990,7,050,774,600,7,050
2015/09/07,6,990,7,000,6,830,6,900,492,400,6,900
2015/09/08,6,950,6,950,6,350,6,400,1,213,200,6,400
2015/09/09,6,790,6,830,6,600,6,710,1,274,600,6,710
2015/09/10,6,520,6,650,6,470,6,600,951,200,6,600
2015/09/11,6,550,6,640,6,510,6,570,989,500,6,570
2015/09/14,6,570,6,700,6,540,6,580,751,000,6,580
2015/09/15,6,580,6,690,6,530,6,560,580,500,6,560
2015/09/16,6,630,6,650,6,470,6,550,686,600,6,550
2015/09/17,6,600,6,660,6,530,6,620,608,400,6,620
2015/09/18,6,550,6,650,6,520,6,520,635,700,6,520
2015/09/24,6,480,6,560,6,420,6,430,858,300,6,430
2015/09/25,6,470,6,620,6,420,6,540,999,900,6,540
2015/09/28,6,620,6,640,6,380,6,430,696,800,6,430
2015/09/29,6,300,6,330,6,030,6,040,865,900,6,040
2015/09/30,6,180,6,370,6,150,6,280,1,084,300,6,280
2015/10/01,6,380,6,510,6,240,6,470,894,200,6,470
2015/10/02,6,380,6,380,6,190,6,250,714,100,6,250
2015/10/05,6,420,6,430,6,320,6,420,447,700,6,420
2015/10/06,6,590,6,610,6,300,6,320,650,700,6,320
2015/10/07,6,310,6,310,5,990,6,140,1,169,600,6,140
