2011/05/20,1,322,1,350,1,322,1,350,900,1,125
2011/06/01,1,345,1,350,1,345,1,350,200,1,125
2011/06/15,1,410,1,410,1,410,1,410,800,1,175
2011/06/16,1,410,1,410,1,410,1,410,100,1,175
2011/06/17,1,410,1,410,1,410,1,410,100,1,175
2011/06/20,1,410,1,410,1,410,1,410,100,1,175
2015/08/21,1,739,1,739,1,656,1,656,2,700,1,656
2015/08/24,1,600,1,600,1,470,1,470,4,800,1,470
2015/08/25,1,350,1,491,1,312,1,440,5,600,1,440
2015/08/26,1,381,1,497,1,381,1,492,1,000,1,492
2015/08/27,1,498,1,659,1,498,1,628,2,300,1,628
2015/08/28,1,561,1,620,1,561,1,618,1,500,1,618
2015/08/31,1,658,1,658,1,658,1,658,300,1,658
2015/09/01,1,585,1,585,1,488,1,488,2,300,1,488
2015/09/02,1,400,1,468,1,400,1,433,4,500,1,433
2015/09/03,1,463,1,491,1,461,1,463,2,600,1,463
2015/09/04,1,465,1,465,1,437,1,438,1,700,1,438
2015/09/07,1,438,1,438,1,382,1,382,3,400,1,382
2015/09/08,1,382,1,441,1,382,1,382,1,200,1,382
2015/09/09,1,479,1,500,1,426,1,500,2,800,1,500
2015/09/10,1,495,1,498,1,471,1,471,500,1,471
2015/09/11,1,501,1,501,1,501,1,501,400,1,501
2015/09/14,1,461,1,461,1,437,1,437,200,1,437
2015/09/15,1,425,1,485,1,425,1,485,200,1,485
2015/09/17,1,408,1,441,1,408,1,413,2,500,1,413
2015/09/18,1,415,1,415,1,415,1,415,300,1,415
2015/09/24,1,443,1,475,1,417,1,417,1,300,1,417
2015/09/25,1,487,1,514,1,480,1,500,2,100,1,500
