2011/06/03,2,049,2,065,1,999,2,005,933,100,2,005
2011/06/06,2,000,2,055,1,997,2,044,838,700,2,044
2011/06/07,2,035,2,095,2,025,2,087,871,700,2,087
2011/06/08,2,099,2,184,2,095,2,184,1,655,700,2,184
2011/06/09,2,174,2,209,2,145,2,170,1,269,900,2,170
2011/06/10,2,161,2,189,2,096,2,140,1,153,300,2,140
2011/06/13,2,121,2,239,2,103,2,228,1,558,200,2,228
2011/06/14,2,238,2,246,2,159,2,182,1,841,900,2,182
2011/06/15,2,196,2,197,2,110,2,110,1,168,400,2,110
2011/06/16,2,082,2,175,2,063,2,063,1,584,400,2,063
2011/06/17,2,093,2,118,2,030,2,059,1,214,600,2,059
2011/06/20,2,059,2,059,1,935,1,935,1,780,400,1,935
2011/06/21,1,950,1,994,1,896,1,973,1,648,400,1,973
2011/06/22,1,996,2,005,1,910,1,910,1,671,300,1,910
2011/06/23,1,902,1,910,1,830,1,843,1,982,500,1,843
2011/06/24,1,853,1,918,1,824,1,900,1,407,100,1,900
2011/06/27,1,880,1,973,1,875,1,925,1,430,800,1,925
2011/06/28,1,935,1,945,1,838,1,855,1,295,400,1,855
2011/06/29,1,867,1,883,1,806,1,817,1,696,000,1,817
2011/06/30,1,823,1,896,1,805,1,805,1,522,100,1,805
2015/08/24,857,890,806,811,457,500,811
2015/08/25,766,837,750,761,512,800,761
2015/08/26,797,821,762,811,302,100,811
2015/08/27,845,870,836,855,337,900,855
2015/08/28,889,917,889,905,369,600,905
2015/08/31,902,928,891,920,327,000,920
2015/09/01,905,996,905,937,622,200,937
2015/09/02,918,1,008,911,968,989,200,968
2015/09/03,985,1,010,970,978,615,900,978
2015/09/04,993,993,924,935,350,700,935
2015/09/07,930,963,907,953,276,100,953
2015/09/08,953,990,938,946,323,600,946
2015/09/09,972,990,946,954,253,900,954
2015/09/10,952,960,911,926,279,400,926
2015/09/11,915,942,910,931,220,600,931
2015/09/14,983,1,058,965,1,045,1,312,300,1,045
2015/09/15,1,045,1,070,1,000,1,032,463,800,1,032
2015/09/16,1,039,1,054,1,024,1,031,221,200,1,031
2015/09/17,1,027,1,070,1,024,1,060,297,000,1,060
2015/09/18,1,066,1,084,1,001,1,018,579,800,1,018
2015/09/24,1,015,1,018,980,1,005,194,000,1,005
2015/09/25,992,1,014,968,995,274,300,995
2015/09/28,1,005,1,034,983,1,014,173,400,1,014
2015/09/29,987,1,044,983,1,010,414,400,1,010
2015/09/30,1,035,1,042,1,020,1,032,205,100,1,032
2015/10/01,1,045,1,073,1,043,1,064,286,000,1,064
2015/10/02,1,072,1,134,1,069,1,133,639,000,1,133
2015/10/05,1,140,1,159,1,125,1,145,408,800,1,145
2015/10/06,1,150,1,178,1,147,1,159,342,300,1,159
2015/10/07,1,159,1,170,1,148,1,170,186,800,1,170
2015/10/08,1,165,1,168,1,089,1,105,418,200,1,105
