2011/06/03,1,008,1,017,998,998,16,400,998
2011/06/06,995,1,003,990,995,15,400,995
2011/06/07,997,1,009,994,999,9,700,999
2011/06/08,999,1,011,999,1,003,9,100,1,003
2011/06/09,995,1,002,991,993,12,400,993
2011/06/10,1,013,1,015,992,994,28,400,994
2011/06/13,992,996,990,995,12,000,995
2011/06/14,996,1,004,995,1,001,10,800,1,001
2011/06/15,1,007,1,009,1,003,1,008,5,800,1,008
2011/06/16,1,002,1,007,999,999,9,400,999
2011/06/17,1,001,1,006,983,988,14,900,988
2011/06/20,988,995,988,988,10,100,988
2011/06/21,990,996,985,996,14,700,996
2011/06/22,1,000,1,011,999,1,004,14,200,1,004
2011/06/23,1,004,1,004,1,001,1,002,13,700,1,002
2011/06/24,1,005,1,016,1,005,1,014,10,500,1,014
2011/06/27,1,014,1,020,1,010,1,010,12,700,1,010
2011/06/28,1,010,1,010,1,000,1,002,10,400,1,002
2011/06/29,1,018,1,021,1,012,1,021,9,200,1,021
2011/06/30,1,032,1,043,1,020,1,043,16,800,1,043
2015/08/24,2,880,2,880,2,668,2,672,128,900,2,672
2015/08/25,2,500,2,752,2,467,2,579,129,500,2,579
2015/08/26,2,595,2,712,2,572,2,700,225,200,2,700
2015/08/27,2,645,2,728,2,615,2,658,109,500,2,658
2015/08/28,2,696,2,816,2,696,2,809,87,200,2,809
2015/08/31,2,789,2,877,2,767,2,849,68,300,2,849
2015/09/01,2,807,2,830,2,743,2,743,63,700,2,743
2015/09/02,2,650,2,743,2,612,2,633,66,900,2,633
2015/09/03,2,660,2,713,2,630,2,638,66,200,2,638
2015/09/04,2,623,2,623,2,494,2,519,88,800,2,519
2015/09/07,2,500,2,530,2,451,2,493,66,600,2,493
2015/09/08,2,489,2,496,2,413,2,424,68,200,2,424
2015/09/09,2,518,2,580,2,500,2,580,49,400,2,580
2015/09/10,2,520,2,568,2,494,2,545,30,300,2,545
2015/09/11,2,511,2,647,2,503,2,630,58,000,2,630
2015/09/14,2,660,2,687,2,594,2,615,46,700,2,615
2015/09/15,2,615,2,672,2,567,2,569,23,800,2,569
2015/09/16,2,594,2,613,2,567,2,589,25,400,2,589
2015/09/17,2,592,2,712,2,592,2,710,57,500,2,710
2015/09/18,2,660,2,773,2,660,2,697,60,400,2,697
2015/09/24,2,650,2,657,2,524,2,528,64,600,2,528
2015/09/25,2,550,2,591,2,505,2,591,84,300,2,591
2015/09/28,2,602,2,647,2,565,2,616,32,900,2,616
2015/09/29,2,585,2,586,2,469,2,469,30,300,2,469
2015/09/30,2,500,2,562,2,486,2,555,38,600,2,555
2015/10/01,2,581,2,641,2,579,2,623,43,700,2,623
2015/10/02,2,610,2,650,2,586,2,631,19,600,2,631
2015/10/05,2,648,2,711,2,607,2,661,38,600,2,661
2015/10/06,2,704,2,760,2,702,2,746,49,800,2,746
2015/10/07,2,767,2,837,2,738,2,833,51,300,2,833
