2011/06/03,268,277,261,265,15,990,000,265
2011/06/06,264,267,252,254,4,892,000,254
2011/06/07,253,267,250,265,5,826,000,265
2011/06/08,266,272,263,269,5,707,000,269
2011/06/09,274,276,269,272,5,475,000,272
2011/06/10,273,274,267,271,2,323,000,271
2011/06/13,269,281,268,280,7,334,000,280
2011/06/14,280,281,276,277,4,582,000,277
2011/06/15,279,280,270,274,3,568,000,274
2011/06/16,270,278,269,271,3,738,000,271
2011/06/17,273,274,257,261,2,898,000,261
2011/06/20,258,272,255,265,3,487,000,265
2011/06/21,268,272,264,268,1,741,000,268
2011/06/22,269,273,264,267,2,567,000,267
2011/06/23,266,267,262,265,970,000,265
2011/06/24,264,267,261,264,995,000,264
2011/06/27,263,264,260,260,842,000,260
2011/06/28,263,263,250,252,1,991,000,252
2011/06/29,252,253,246,252,1,819,000,252
2011/06/30,254,257,251,255,1,023,000,255
2015/08/24,242,256,242,244,557,000,244
2015/08/25,232,245,223,233,657,000,233
2015/08/26,241,251,235,248,418,000,248
2015/08/27,253,253,242,243,383,000,243
2015/08/28,249,254,248,254,368,000,254
2015/08/31,254,255,248,249,160,000,249
2015/09/01,257,257,244,245,345,000,245
2015/09/02,242,245,238,240,208,000,240
2015/09/03,241,244,239,239,197,000,239
2015/09/04,239,239,232,235,217,000,235
2015/09/07,235,235,227,232,173,000,232
2015/09/08,232,233,228,229,123,000,229
2015/09/09,237,239,235,239,131,000,239
2015/09/10,235,240,234,238,98,000,238
2015/09/11,242,242,234,238,252,000,238
2015/09/14,242,242,238,240,236,000,240
2015/09/15,242,245,240,240,171,000,240
2015/09/16,244,244,239,240,137,000,240
2015/09/17,244,244,239,244,147,000,244
2015/09/18,241,242,239,239,127,000,239
2015/09/24,237,237,234,235,161,000,235
2015/09/25,241,241,231,233,221,000,233
