2011/06/03,597,599,595,595,1,300,595
2011/06/06,595,595,587,595,5,600,595
2011/06/07,595,603,595,596,2,800,596
2011/06/08,596,596,596,596,1,300,596
2011/06/09,596,598,595,596,4,500,596
2011/06/10,596,599,596,596,1,800,596
2011/06/13,596,596,595,595,14,800,595
2011/06/14,595,599,595,599,1,000,599
2011/06/15,600,600,595,599,4,900,599
2011/06/16,598,599,595,599,5,800,599
2011/06/17,599,599,595,595,3,900,595
2011/06/20,595,596,586,591,5,700,591
2011/06/21,595,595,595,595,200,595
2011/06/22,595,595,590,591,1,000,591
2011/06/23,591,595,591,594,1,400,594
2011/06/24,594,595,594,595,2,600,595
2011/06/27,595,597,595,595,1,500,595
2011/06/28,597,597,595,595,3,200,595
2011/06/29,595,600,595,596,8,300,596
2011/06/30,600,603,598,602,3,600,602
2015/08/24,626,636,625,627,4,700,627
2015/08/25,627,627,590,606,13,600,606
2015/08/26,616,616,616,616,200,616
2015/08/27,649,649,618,629,10,200,629
2015/08/28,650,650,631,649,6,900,649
2015/08/31,634,647,634,647,1,800,647
2015/09/01,647,648,631,641,1,200,641
2015/09/02,640,650,640,650,7,800,650
2015/09/03,650,650,645,645,400,645
2015/09/04,645,645,634,634,200,634
2015/09/07,634,639,634,638,2,200,638
2015/09/08,634,637,627,627,1,000,627
2015/09/09,633,633,633,633,100,633
2015/09/10,623,627,621,621,1,200,621
2015/09/11,633,633,628,633,3,000,633
2015/09/14,621,630,621,628,2,300,628
2015/09/15,627,630,621,630,1,200,630
2015/09/16,621,624,615,617,5,700,617
2015/09/17,613,623,613,617,3,300,617
2015/09/18,630,630,622,626,5,200,626
2015/09/24,626,628,618,628,2,900,628
2015/09/25,629,630,609,626,3,900,626
