2011/06/03,1,049,1,049,1,003,1,004,11,000,1,004
2011/06/06,1,004,1,004,982,995,9,300,995
2011/06/07,995,999,993,997,4,900,997
2011/06/08,995,1,007,990,999,6,600,999
2011/06/09,1,000,1,000,995,999,6,400,999
2011/06/10,1,014,1,014,1,000,1,000,12,700,1,000
2011/06/13,984,1,005,984,998,6,000,998
2011/06/14,995,997,983,987,9,500,987
2011/06/15,987,1,018,985,990,10,400,990
2011/06/16,980,982,961,970,15,100,970
2011/06/17,968,968,932,942,17,100,942
2011/06/20,932,948,930,937,13,400,937
2011/06/21,928,949,928,945,15,500,945
2011/06/22,945,989,945,989,9,700,989
2011/06/23,989,995,986,991,8,400,991
2011/06/24,985,1,026,985,1,018,8,400,1,018
2011/06/27,1,025,1,028,1,004,1,005,6,700,1,005
2011/06/28,1,028,1,028,990,994,5,000,994
2011/06/29,1,004,1,056,999,1,055,12,500,1,055
2011/06/30,1,099,1,145,1,060,1,145,42,300,1,145
2015/08/24,4,455,4,475,4,195,4,195,125,600,4,195
2015/08/25,3,975,4,200,3,890,3,990,126,600,3,990
2015/08/26,4,060,4,210,3,960,4,175,88,000,4,175
2015/08/27,4,300,4,335,4,230,4,255,85,000,4,255
2015/08/28,4,325,4,430,4,305,4,375,97,200,4,375
2015/08/31,4,355,4,370,4,275,4,310,56,200,4,310
2015/09/01,4,310,4,350,4,290,4,315,152,500,4,315
2015/09/02,4,160,4,225,4,025,4,045,123,000,4,045
2015/09/03,4,115,4,215,4,115,4,150,61,200,4,150
2015/09/04,4,145,4,150,4,015,4,075,99,300,4,075
2015/09/07,3,980,4,080,3,965,4,000,35,400,4,000
2015/09/08,4,010,4,095,3,995,4,005,45,500,4,005
2015/09/09,4,135,4,190,4,135,4,190,45,300,4,190
2015/09/10,4,120,4,220,4,115,4,185,92,200,4,185
2015/09/11,4,175,4,250,4,140,4,220,76,500,4,220
2015/09/14,4,255,4,255,4,135,4,185,24,100,4,185
2015/09/15,4,190,4,235,4,155,4,175,25,000,4,175
2015/09/16,4,200,4,265,4,160,4,235,29,200,4,235
2015/09/17,4,245,4,370,4,225,4,330,44,700,4,330
2015/09/18,4,330,4,330,4,220,4,230,34,500,4,230
2015/09/24,4,175,4,175,4,085,4,115,39,500,4,115
2015/09/25,4,090,4,160,4,055,4,160,26,800,4,160
2015/09/28,4,140,4,200,4,060,4,135,23,100,4,135
2015/09/29,4,065,4,070,3,965,3,990,32,000,3,990
2015/09/30,4,060,4,150,4,035,4,130,32,400,4,130
2015/10/01,4,190,4,280,4,190,4,255,27,800,4,255
2015/10/02,4,200,4,325,4,180,4,305,29,100,4,305
2015/10/05,4,350,4,350,4,240,4,270,34,200,4,270
2015/10/06,4,340,4,400,4,300,4,300,52,500,4,300
2015/10/07,4,310,4,415,4,310,4,395,47,000,4,395
2015/10/08,4,390,4,430,4,350,4,365,44,500,4,365
