2011/06/03,3,325,3,345,3,295,3,310,225,700,1,655
2011/06/06,3,290,3,330,3,280,3,310,202,800,1,655
2011/06/08,3,345,3,350,3,320,3,340,137,200,1,670
2011/06/09,3,300,3,350,3,290,3,350,186,200,1,675
2011/06/16,3,325,3,330,3,295,3,310,196,800,1,655
2011/06/17,3,320,3,335,3,275,3,290,170,100,1,645
2011/06/22,3,360,3,425,3,355,3,420,287,600,1,710
2015/08/24,2,835,2,874,2,782,2,782,1,234,600,2,782
2015/08/25,2,749,2,880,2,685,2,685,1,545,700,2,685
2015/08/26,2,785,2,925,2,752,2,911,1,376,400,2,911
2015/08/27,2,961,2,989,2,897,2,903,768,500,2,903
2015/08/28,3,005,3,095,2,972,3,075,926,300,3,075
2015/08/31,3,040,3,050,2,976,3,005,694,500,3,005
2015/09/01,3,000,3,000,2,905,2,905,926,600,2,905
2015/09/02,2,884,2,973,2,843,2,884,1,005,000,2,884
2015/09/03,2,894,2,943,2,888,2,893,769,700,2,893
2015/09/04,2,935,2,945,2,829,2,874,1,067,700,2,874
2015/09/07,2,850,2,909,2,816,2,867,807,100,2,867
2015/09/08,2,853,2,890,2,809,2,815,450,500,2,815
2015/09/09,2,911,2,926,2,861,2,926,858,000,2,926
2015/09/10,2,876,2,925,2,861,2,915,513,400,2,915
2015/09/11,2,881,2,931,2,869,2,892,634,600,2,892
2015/09/14,2,916,2,938,2,873,2,882,315,600,2,882
2015/09/15,2,885,2,948,2,873,2,890,395,700,2,890
2015/09/16,2,910,2,944,2,890,2,902,563,700,2,902
2015/09/17,2,915,2,970,2,908,2,957,462,600,2,957
2015/09/18,2,943,2,947,2,868,2,868,568,300,2,868
2015/09/24,2,842,2,842,2,744,2,744,824,400,2,744
2015/09/25,2,744,2,746,2,628,2,681,1,727,900,2,681
2015/09/28,2,682,2,684,2,617,2,651,876,700,2,651
2015/09/29,2,665,2,678,2,571,2,574,1,142,500,2,574
2015/09/30,2,651,2,722,2,650,2,700,1,185,100,2,700
2015/10/01,2,721,2,798,2,714,2,787,655,800,2,787
2015/10/02,2,724,2,794,2,703,2,767,750,400,2,767
2015/10/05,2,800,2,839,2,798,2,832,513,900,2,832
2015/10/06,2,881,2,904,2,818,2,820,663,700,2,820
2015/10/07,2,920,2,944,2,885,2,929,2,470,300,2,929
