2011/06/03,757,795,755,791,2,257,900,791
2011/06/06,790,793,771,783,1,572,200,783
2011/06/07,771,795,768,793,998,000,793
2011/06/08,791,800,781,798,1,004,200,798
2011/06/09,786,789,765,770,1,286,500,770
2011/06/10,770,778,757,757,1,212,600,757
2011/06/13,758,772,750,768,636,600,768
2011/06/14,761,769,756,765,609,300,765
2011/06/15,771,771,749,755,790,900,755
2011/06/16,751,751,732,732,1,107,400,732
2011/06/17,745,745,724,728,900,100,728
2011/06/20,725,725,712,713,859,600,713
2011/06/21,720,721,714,719,617,000,719
2011/06/22,720,729,718,722,1,097,800,722
2011/06/23,717,724,715,715,613,800,715
2011/06/24,723,735,717,734,608,000,734
2011/06/27,731,733,720,723,639,900,723
2011/06/28,730,731,723,726,373,400,726
2011/06/29,735,769,734,756,1,448,200,756
2011/06/30,755,756,747,754,652,700,754
2015/08/24,788,790,756,758,1,578,000,758
2015/08/25,718,765,703,710,1,995,200,710
2015/08/26,726,752,717,745,1,076,400,745
2015/08/27,762,766,735,736,1,447,900,736
2015/08/28,760,787,755,780,904,400,780
2015/08/31,794,808,776,776,1,097,000,776
2015/09/01,760,761,738,738,894,900,738
2015/09/02,730,750,723,735,731,300,735
2015/09/03,747,763,734,737,1,143,600,737
2015/09/04,740,742,704,718,1,300,700,718
2015/09/07,708,726,698,719,676,800,719
2015/09/08,723,744,722,728,501,700,728
2015/09/09,753,771,748,766,684,400,766
2015/09/10,748,769,745,766,486,300,766
2015/09/11,766,770,756,765,606,700,765
2015/09/14,780,781,743,749,598,400,749
2015/09/15,755,768,750,751,433,700,751
2015/09/16,751,756,743,751,838,400,751
2015/09/17,763,772,761,767,552,200,767
2015/09/18,756,760,742,746,1,848,000,746
2015/09/24,721,729,689,692,2,616,900,692
2015/09/25,699,701,680,701,1,321,000,701
