2011/06/03,880,894,865,865,83,200,865
2011/06/06,858,864,846,851,42,300,851
2011/06/07,852,874,848,867,39,600,867
2011/06/08,871,875,860,869,25,000,869
2011/06/09,859,859,845,853,48,900,853
2011/06/10,854,866,847,849,98,700,849
2011/06/13,852,852,843,846,51,200,846
2011/06/14,846,852,840,850,44,600,850
2011/06/15,855,867,847,864,72,400,864
2011/06/16,859,872,851,856,72,200,856
2011/06/17,854,871,854,870,80,300,870
2011/06/20,867,900,867,894,88,900,894
2011/06/21,900,900,880,900,64,900,900
2011/06/22,899,917,898,914,74,400,914
2011/06/23,908,920,904,914,65,800,914
2011/06/24,918,937,913,933,83,700,933
2011/06/27,927,931,911,922,63,300,922
2011/06/28,936,939,922,930,65,600,930
2011/06/29,940,954,940,950,65,300,950
2011/06/30,950,950,925,941,70,900,941
2015/08/24,1,033,1,088,1,033,1,050,121,900,1,050
2015/08/25,1,020,1,085,1,005,1,012,145,800,1,012
2015/08/26,1,042,1,063,1,019,1,056,102,000,1,056
2015/08/27,1,086,1,093,1,068,1,073,110,500,1,073
2015/08/28,1,099,1,107,1,086,1,098,68,300,1,098
2015/08/31,1,086,1,086,1,057,1,076,102,900,1,076
2015/09/01,1,073,1,074,1,043,1,043,111,800,1,043
2015/09/02,1,017,1,046,1,010,1,019,117,100,1,019
2015/09/03,1,037,1,044,1,019,1,021,51,900,1,021
2015/09/04,1,026,1,026,987,996,73,400,996
2015/09/07,994,1,007,975,1,003,45,000,1,003
2015/09/08,999,1,020,999,1,000,49,800,1,000
2015/09/09,1,022,1,056,1,021,1,055,66,800,1,055
2015/09/10,1,025,1,048,1,016,1,041,65,600,1,041
2015/09/11,1,032,1,057,1,032,1,046,73,400,1,046
2015/09/14,1,058,1,058,1,030,1,033,32,600,1,033
2015/09/15,1,063,1,075,1,048,1,051,45,400,1,051
2015/09/16,1,081,1,081,1,055,1,075,69,000,1,075
2015/09/17,1,075,1,079,1,063,1,071,54,100,1,071
2015/09/18,1,083,1,086,1,057,1,058,85,600,1,058
2015/09/24,1,037,1,047,1,014,1,014,119,900,1,014
2015/09/25,1,014,1,046,1,007,1,044,76,700,1,044
