2015/08/21,1,653,1,700,1,652,1,700,2,800,1,700
2015/08/24,1,648,1,650,1,530,1,539,8,300,1,539
2015/08/25,1,499,1,551,1,433,1,521,2,200,1,521
2015/08/26,1,501,1,575,1,501,1,575,1,000,1,575
2015/08/27,1,540,1,575,1,540,1,558,1,700,1,558
2015/08/28,1,575,1,590,1,540,1,590,2,900,1,590
2015/08/31,1,570,1,570,1,560,1,560,500,1,560
2015/09/01,1,540,1,540,1,475,1,475,2,800,1,475
2015/09/02,1,385,1,450,1,385,1,450,6,000,1,450
2015/09/03,1,451,1,479,1,451,1,479,1,900,1,479
2015/09/04,1,463,1,463,1,463,1,463,200,1,463
2015/09/07,1,403,1,403,1,335,1,362,9,900,1,362
2015/09/08,1,362,1,362,1,322,1,322,6,500,1,322
2015/09/09,1,348,1,395,1,348,1,385,1,500,1,385
2015/09/10,1,363,1,381,1,360,1,367,900,1,367
2015/09/11,1,390,1,390,1,345,1,357,4,200,1,357
2015/09/14,1,355,1,359,1,338,1,345,1,400,1,345
2015/09/16,1,360,1,360,1,360,1,360,800,1,360
2015/09/17,1,350,1,377,1,350,1,365,2,000,1,365
2015/09/18,1,357,1,370,1,357,1,370,500,1,370
2015/09/24,1,359,1,365,1,342,1,342,900,1,342
2015/09/25,1,375,1,375,1,338,1,338,2,300,1,338
