2011/06/03,781,783,771,773,15,095,400,773
2011/06/06,769,776,765,767,12,555,800,767
2011/06/07,770,786,764,782,14,901,400,782
2011/06/08,776,780,770,778,12,723,500,778
2011/06/09,772,784,769,778,14,013,600,778
2011/06/10,788,797,786,793,21,117,000,793
2011/06/13,783,787,777,784,11,623,600,784
2011/06/14,784,805,777,804,20,216,900,804
2011/06/15,803,812,796,810,18,077,300,810
2011/06/16,800,809,793,794,13,172,900,794
2011/06/17,804,806,790,800,18,344,600,800
2011/06/20,806,808,792,795,15,069,000,795
2011/06/21,803,823,800,820,27,244,500,820
2011/06/22,820,831,820,828,22,762,200,828
2011/06/23,832,847,829,839,29,474,700,839
2011/06/24,836,846,831,844,21,766,800,844
2011/06/27,840,851,840,845,21,116,600,845
2011/06/28,853,853,822,825,28,064,800,825
2011/06/29,835,848,834,847,22,103,300,847
2011/06/30,847,848,838,842,13,653,100,842
2015/08/28,1,097,1,118,1,086,1,111,12,700,800,1,111
2015/09/01,1,091,1,096,1,053,1,053,14,964,900,1,053
2015/10/01,1,107,1,164,1,101,1,150,24,246,500,1,150
2015/10/05,1,175,1,181,1,154,1,161,10,738,800,1,161
