2011/06/03,348,351,338,339,534,000,339
2011/06/06,335,338,327,328,648,000,328
2011/06/07,327,343,325,342,886,000,342
2011/06/08,338,340,333,336,768,000,336
2011/06/09,331,335,328,334,738,000,334
2011/06/10,345,350,343,349,1,256,000,349
2011/06/13,342,350,340,350,595,000,350
2011/06/14,353,371,352,371,2,346,000,371
2011/06/15,370,379,368,377,1,450,000,377
2011/06/16,377,393,376,387,2,363,000,387
2011/06/17,385,390,374,379,1,312,000,379
2011/06/20,384,385,372,375,1,077,000,375
2011/06/21,378,388,378,384,1,450,000,384
2011/06/22,390,396,386,393,1,243,000,393
2011/06/23,394,407,393,405,2,052,000,405
2011/06/24,402,406,399,403,975,000,403
2011/06/27,396,404,396,399,994,000,399
2011/06/28,401,403,397,398,405,000,398
2011/06/29,401,406,399,404,828,000,404
2011/06/30,410,410,403,406,1,148,000,406
2015/08/24,451,458,439,439,733,800,439
2015/08/25,434,456,422,437,858,700,437
2015/08/26,440,459,437,455,637,900,455
2015/08/27,478,484,456,460,620,000,460
2015/08/28,476,488,471,487,495,000,487
2015/08/31,481,484,472,477,600,900,477
2015/09/01,473,473,440,443,687,500,443
2015/09/02,438,449,434,440,412,800,440
2015/09/03,443,450,439,440,257,300,440
2015/09/04,441,443,422,432,373,600,432
2015/09/07,427,441,421,437,209,200,437
2015/09/08,434,438,430,431,213,300,431
2015/09/09,445,460,439,459,473,800,459
2015/09/10,448,461,447,457,424,500,457
2015/09/11,451,458,449,455,385,700,455
2015/09/14,456,457,445,452,349,700,452
2015/09/15,457,469,455,458,584,200,458
2015/09/16,464,472,458,466,255,100,466
2015/09/17,472,476,469,473,223,400,473
2015/09/18,468,471,459,467,247,400,467
2015/09/24,455,460,445,445,373,100,445
2015/09/25,449,455,441,455,213,500,455
