2011/06/03,988,993,981,981,29,000,981
2011/06/06,990,990,978,989,39,000,989
2011/06/07,989,995,977,989,34,000,989
2011/06/08,993,1,036,978,1,018,81,000,1,018
2011/06/09,1,009,1,019,1,007,1,010,66,000,1,010
2011/06/10,1,000,1,010,997,1,010,43,000,1,010
2011/06/13,1,005,1,005,986,996,24,000,996
2011/06/14,993,993,980,983,22,000,983
2011/06/15,983,986,983,986,13,000,986
2011/06/16,981,986,975,986,42,000,986
2011/06/17,998,998,982,995,30,000,995
2011/06/20,983,983,960,960,40,000,960
2011/06/21,975,985,968,983,44,000,983
2011/06/22,997,1,005,994,1,000,51,000,1,000
2011/06/23,1,000,1,015,1,000,1,011,82,000,1,011
2011/06/24,1,010,1,010,995,996,56,000,996
2011/06/27,996,1,039,995,1,012,58,000,1,012
2011/06/28,1,040,1,068,1,040,1,066,64,000,1,066
2011/06/29,1,067,1,089,1,067,1,082,55,000,1,082
2011/06/30,1,082,1,082,1,043,1,061,34,000,1,061
2015/08/24,2,519,2,519,2,315,2,352,102,000,2,352
2015/08/25,2,379,2,398,2,219,2,281,164,000,2,281
2015/08/26,2,331,2,365,2,264,2,320,135,000,2,320
2015/08/27,2,420,2,499,2,370,2,442,146,000,2,442
2015/08/28,2,442,2,570,2,407,2,407,509,000,2,407
2015/08/31,2,365,2,426,2,348,2,425,219,000,2,425
2015/09/01,2,394,2,406,2,251,2,276,104,000,2,276
2015/09/02,2,263,2,320,2,253,2,304,88,000,2,304
2015/09/03,2,400,2,411,2,354,2,392,148,000,2,392
2015/09/04,2,386,2,386,2,234,2,260,127,000,2,260
2015/09/07,2,258,2,277,2,189,2,206,123,000,2,206
2015/09/08,2,205,2,296,2,191,2,222,84,000,2,222
2015/09/09,2,260,2,315,2,260,2,290,77,000,2,290
2015/09/10,2,274,2,292,2,254,2,286,66,000,2,286
2015/09/11,2,297,2,297,2,267,2,282,38,000,2,282
2015/09/14,2,298,2,326,2,260,2,306,99,000,2,306
2015/09/15,2,319,2,330,2,251,2,251,61,000,2,251
2015/09/16,2,292,2,292,2,211,2,238,98,000,2,238
2015/09/17,2,270,2,316,2,243,2,312,74,000,2,312
2015/09/18,2,312,2,334,2,274,2,300,135,000,2,300
2015/09/24,2,280,2,280,2,206,2,219,79,000,2,219
2015/09/25,2,235,2,378,2,230,2,351,115,000,2,351
