2011/06/03,249,250,248,248,21,200,248
2011/06/06,250,250,248,249,26,200,249
2011/06/07,249,250,248,250,18,400,250
2011/06/08,250,250,248,248,28,400,248
2011/06/09,248,249,248,248,16,200,248
2011/06/10,248,250,248,250,23,600,250
2011/06/13,250,252,249,252,30,800,252
2011/06/14,252,255,252,255,50,100,255
2011/06/15,255,256,254,255,39,900,255
2011/06/16,255,255,253,255,27,200,255
2011/06/17,255,255,253,255,31,600,255
2011/06/20,253,255,253,255,22,300,255
2011/06/21,255,256,254,255,21,300,255
2011/06/22,255,256,254,254,29,300,254
2011/06/23,254,256,254,255,25,200,255
2011/06/24,257,258,256,258,26,300,258
2011/06/27,258,261,257,257,51,700,257
2011/06/28,258,258,257,258,31,500,258
2011/06/29,259,262,258,262,45,600,262
2011/06/30,262,264,261,263,36,400,263
2015/08/24,826,837,800,807,633,900,807
2015/08/25,760,848,745,803,739,400,803
2015/08/26,830,858,822,858,234,700,858
2015/08/27,874,879,858,861,225,600,861
2015/08/28,875,876,868,871,169,100,871
2015/08/31,877,888,875,884,258,900,884
2015/09/01,880,882,855,858,217,100,858
2015/09/02,783,821,781,785,1,855,700,785
2015/09/03,780,797,737,752,2,658,700,752
2015/09/04,742,745,721,741,1,570,600,741
2015/09/07,731,734,695,721,1,448,600,721
2015/09/08,715,746,712,712,1,282,100,712
2015/09/09,754,755,711,711,1,356,600,711
2015/09/10,692,721,689,711,3,959,900,711
2015/09/11,709,712,692,697,1,280,800,697
2015/09/14,689,695,671,676,1,568,200,676
2015/09/15,680,693,677,678,804,100,678
2015/09/16,675,682,658,659,1,296,300,659
2015/09/17,630,663,625,658,5,078,400,658
2015/09/18,660,672,656,659,1,400,900,659
2015/09/24,660,680,660,674,1,580,100,674
2015/09/25,672,673,658,666,2,682,800,666
2015/09/28,655,656,643,648,1,260,300,648
2015/09/29,641,645,621,625,743,400,625
2015/09/30,634,650,631,647,740,400,647
2015/10/01,643,655,640,642,729,300,642
2015/10/02,643,655,636,654,570,700,654
2015/10/05,659,662,654,657,408,900,657
2015/10/06,664,664,653,655,454,500,655
2015/10/07,652,655,645,647,416,700,647
