2011/06/03,974,977,958,958,20,300,958
2011/06/06,958,959,915,949,10,700,949
2011/06/07,949,970,926,962,14,300,962
2011/06/08,962,966,950,960,12,500,960
2011/06/09,960,966,953,965,10,100,965
2011/06/10,974,993,974,992,26,000,992
2011/06/13,985,990,978,987,6,000,987
2011/06/14,986,991,978,990,11,000,990
2011/06/15,990,996,982,996,8,100,996
2011/06/16,991,991,985,985,6,700,985
2011/06/17,987,992,967,967,15,500,967
2011/06/20,973,991,967,981,7,700,981
2011/06/21,981,997,981,997,11,800,997
2011/06/22,997,1,027,997,1,027,14,700,1,027
2011/06/23,1,028,1,037,1,027,1,032,11,000,1,032
2011/06/24,1,032,1,038,1,029,1,032,10,900,1,032
2011/06/27,1,022,1,027,1,011,1,017,6,800,1,017
2011/06/28,1,016,1,016,1,008,1,010,3,300,1,010
2011/06/29,1,024,1,026,1,017,1,026,3,800,1,026
2011/06/30,1,035,1,045,1,034,1,045,6,100,1,045
2015/08/24,1,026,1,048,1,001,1,004,17,400,1,004
2015/08/25,982,1,012,970,975,17,800,975
2015/08/26,975,1,029,975,1,013,12,900,1,013
2015/08/27,1,025,1,025,993,999,7,400,999
2015/08/28,1,018,1,028,1,001,1,016,10,900,1,016
2015/08/31,1,018,1,035,1,014,1,023,6,200,1,023
2015/09/01,1,022,1,050,1,015,1,015,13,200,1,015
2015/09/02,1,006,1,018,1,001,1,001,8,700,1,001
2015/09/03,1,002,1,015,1,000,1,003,10,800,1,003
2015/09/04,1,005,1,026,996,998,12,500,998
2015/09/07,998,1,001,989,993,12,700,993
2015/09/08,989,999,988,988,5,400,988
2015/09/09,1,003,1,016,994,1,016,7,700,1,016
2015/09/10,997,1,014,995,1,008,7,800,1,008
2015/09/11,993,1,015,993,1,003,21,300,1,003
2015/09/14,1,018,1,018,1,002,1,002,4,300,1,002
2015/09/15,1,008,1,019,1,007,1,007,4,600,1,007
2015/09/16,1,011,1,015,1,005,1,010,2,000,1,010
2015/09/17,1,006,1,035,1,006,1,035,5,600,1,035
2015/09/18,1,035,1,035,1,005,1,006,14,500,1,006
2015/09/24,1,006,1,020,1,001,1,003,15,700,1,003
2015/09/25,1,003,1,028,1,003,1,015,6,800,1,015
2015/09/28,1,013,1,014,997,1,002,10,300,1,002
2015/09/29,995,1,023,995,997,17,400,997
2015/09/30,999,1,026,999,1,023,9,600,1,023
2015/10/01,1,028,1,083,1,028,1,062,9,500,1,062
2015/10/02,1,062,1,074,1,014,1,053,16,400,1,053
2015/10/05,1,058,1,068,1,046,1,063,8,200,1,063
2015/10/06,1,074,1,098,1,070,1,087,9,200,1,087
2015/10/07,1,087,1,100,1,080,1,100,8,400,1,100
