2011/06/03,2,689,2,722,2,678,2,684,534,500,1,342
2011/06/07,2,636,2,675,2,626,2,650,632,700,1,325
2011/06/10,2,589,2,616,2,540,2,556,798,000,1,278
2011/06/15,2,649,2,670,2,620,2,662,524,500,1,331
2011/06/16,2,630,2,672,2,612,2,642,524,500,1,321
2011/06/20,2,610,2,641,2,607,2,614,446,500,1,307
2011/06/21,2,650,2,708,2,619,2,702,840,200,1,351
2011/06/24,2,708,2,719,2,697,2,708,402,100,1,354
2011/06/27,2,718,2,739,2,702,2,706,440,800,1,353
2011/06/28,2,715,2,725,2,693,2,706,235,200,1,353
2011/06/29,2,710,2,775,2,701,2,774,553,900,1,387
2015/08/24,4,760,4,885,4,670,4,700,1,880,200,4,700
2015/08/25,4,490,4,750,4,230,4,490,1,725,300,4,490
2015/08/26,4,535,4,670,4,515,4,645,779,800,4,645
2015/08/27,4,845,4,880,4,710,4,735,915,700,4,735
2015/08/28,4,875,4,875,4,695,4,800,740,000,4,800
2015/08/31,4,785,4,785,4,690,4,710,803,100,4,710
2015/09/01,4,650,4,665,4,440,4,440,1,003,100,4,440
2015/09/02,4,305,4,505,4,260,4,415,858,700,4,415
2015/09/03,4,405,4,475,4,355,4,360,642,800,4,360
2015/09/04,4,350,4,370,4,200,4,210,1,214,000,4,210
2015/09/07,4,190,4,270,4,085,4,240,1,148,100,4,240
2015/09/08,4,265,4,440,4,205,4,210,1,295,900,4,210
2015/09/09,4,440,4,495,4,325,4,480,926,600,4,480
2015/09/10,4,410,4,425,4,270,4,330,873,000,4,330
2015/09/11,4,280,4,525,4,265,4,490,1,221,200,4,490
2015/09/14,4,540,4,660,4,475,4,500,968,300,4,500
2015/09/15,4,580,4,685,4,535,4,555,852,400,4,555
2015/09/16,4,575,4,600,4,390,4,510,1,159,600,4,510
2015/09/17,4,615,4,635,4,550,4,605,755,600,4,605
2015/09/18,4,515,4,565,4,425,4,435,1,043,400,4,435
2015/09/24,4,485,4,670,4,440,4,535,1,096,800,4,535
2015/09/25,4,600,4,660,4,520,4,620,951,400,4,620
2015/09/28,4,580,4,655,4,545,4,620,739,500,4,620
2015/09/29,4,525,4,535,4,390,4,425,584,900,4,425
2015/09/30,4,500,4,535,4,460,4,490,668,900,4,490
2015/10/01,4,585,4,720,4,540,4,700,869,100,4,700
2015/10/02,4,705,4,920,4,675,4,805,764,300,4,805
2015/10/05,4,880,4,965,4,875,4,940,790,600,4,940
2015/10/06,4,980,4,995,4,820,4,830,816,500,4,830
2015/10/07,4,925,4,985,4,710,4,850,1,219,800,4,850
2015/10/08,4,825,4,845,4,490,4,540,1,416,000,4,540
