2011/06/03,29,29,28,28,87,000,28
2011/06/06,28,29,28,28,105,000,28
2011/06/07,28,30,28,29,454,000,29
2011/06/08,29,35,28,29,3,457,000,29
2011/06/09,29,29,28,28,210,000,28
2011/06/10,28,29,28,28,91,000,28
2011/06/13,29,29,28,28,194,000,28
2011/06/14,29,29,28,28,131,000,28
2011/06/15,28,29,28,29,57,000,29
2011/06/16,29,30,28,29,215,000,29
2011/06/17,30,30,28,28,705,000,28
2011/06/20,28,31,28,31,1,145,000,31
2011/06/21,30,30,29,29,543,000,29
2011/06/22,30,30,29,30,293,000,30
2011/06/23,29,30,28,29,233,000,29
2011/06/24,29,29,28,29,143,000,29
2011/06/27,28,29,28,28,102,000,28
2011/06/28,29,31,29,31,939,000,31
2011/06/29,31,31,30,30,283,000,30
2011/06/30,30,30,29,30,97,000,30
2015/08/24,50,52,43,45,1,730,000,45
2015/08/25,39,45,38,42,1,989,000,42
2015/08/26,42,49,42,48,744,000,48
2015/08/27,51,57,51,55,1,601,000,55
2015/08/28,58,60,56,57,636,000,57
2015/08/31,57,57,53,54,525,000,54
2015/09/01,52,52,49,49,499,000,49
2015/09/02,46,51,46,49,316,000,49
2015/09/03,50,51,50,50,175,000,50
2015/09/04,50,50,47,48,202,000,48
2015/09/07,46,47,45,46,281,000,46
2015/09/08,46,47,46,46,75,000,46
2015/09/09,48,49,47,48,187,000,48
2015/09/10,47,48,47,48,54,000,48
2015/09/11,49,50,49,50,61,000,50
2015/09/14,49,50,48,48,83,000,48
2015/09/15,48,49,48,48,93,000,48
2015/09/16,48,48,47,47,101,000,47
2015/09/17,48,49,48,49,109,000,49
2015/09/18,48,48,47,48,51,000,48
2015/09/24,47,47,45,45,128,000,45
2015/09/25,45,53,45,51,1,641,000,51
2015/09/28,50,52,49,50,343,000,50
2015/09/29,50,50,48,48,249,000,48
2015/09/30,49,50,48,49,160,000,49
2015/10/01,49,49,49,49,42,000,49
2015/10/02,49,55,49,55,441,000,55
2015/10/05,53,53,51,53,450,000,53
2015/10/06,54,56,53,53,435,000,53
2015/10/07,54,56,54,55,369,000,55
