2011/06/03,883,887,881,881,11,000,881
2011/06/06,881,881,873,875,9,900,875
2011/06/07,875,877,872,875,9,100,875
2011/06/08,875,875,873,875,10,900,875
2011/06/09,873,875,872,875,6,900,875
2011/06/10,905,924,904,911,60,000,911
2011/06/13,905,906,902,905,11,000,905
2011/06/14,900,900,882,892,18,200,892
2011/06/15,894,894,880,881,7,900,881
2011/06/16,873,874,870,870,12,800,870
2011/06/17,871,875,870,870,17,400,870
2011/06/20,875,881,870,874,8,700,874
2011/06/21,874,880,874,880,6,700,880
2011/06/22,880,896,880,893,11,000,893
2011/06/23,885,893,880,888,11,400,888
2011/06/24,885,890,885,886,6,700,886
2011/06/27,889,891,887,887,5,500,887
2011/06/28,887,892,887,887,6,000,887
2011/06/29,893,897,887,896,11,200,896
2011/06/30,897,902,895,902,9,300,902
2015/08/24,1,003,1,005,999,999,165,000,999
2015/08/25,995,1,010,990,997,146,700,997
2015/08/26,999,1,011,998,1,009,47,900,1,009
2015/08/27,1,020,1,020,1,013,1,015,43,300,1,015
2015/08/28,1,015,1,018,1,009,1,010,41,700,1,010
2015/08/31,1,015,1,016,1,008,1,011,28,200,1,011
2015/09/01,1,006,1,013,1,001,1,002,63,100,1,002
2015/09/02,999,1,007,995,1,003,58,600,1,003
2015/09/03,1,000,1,003,998,1,000,48,000,1,000
2015/09/04,1,005,1,005,998,1,000,53,500,1,000
2015/09/07,999,1,002,994,1,002,54,600,1,002
2015/09/08,1,003,1,004,996,998,27,400,998
2015/09/09,1,003,1,007,996,1,007,67,400,1,007
2015/09/10,997,1,006,997,998,64,500,998
2015/09/11,998,1,008,998,1,004,43,700,1,004
2015/09/14,1,007,1,015,1,001,1,004,32,900,1,004
2015/09/15,1,004,1,015,1,003,1,008,20,500,1,008
2015/09/16,1,015,1,015,1,006,1,009,23,800,1,009
2015/09/17,1,005,1,012,1,005,1,009,28,600,1,009
2015/09/18,1,009,1,012,1,004,1,006,33,300,1,006
2015/09/24,1,005,1,006,1,000,1,000,58,100,1,000
2015/09/25,1,005,1,010,1,002,1,010,43,100,1,010
2015/09/28,996,1,003,995,1,000,44,900,1,000
2015/09/29,999,1,003,996,996,48,800,996
2015/09/30,999,1,000,996,1,000,33,400,1,000
2015/10/01,998,1,002,998,1,000,23,000,1,000
2015/10/02,998,1,001,995,995,40,300,995
2015/10/05,997,997,990,991,83,300,991
2015/10/06,996,1,002,994,1,002,49,200,1,002
2015/10/07,1,003,1,003,996,998,33,500,998
2015/10/08,1,000,1,002,996,998,44,800,998
