2011/06/16,843,843,832,840,200,84
2011/06/17,842,864,839,860,320,86
2011/06/21,895,895,890,890,670,89
2011/06/22,900,900,850,850,1,050,85
2011/06/30,890,890,890,890,20,89
2015/08/24,157,164,143,147,323,500,147
2015/08/25,125,145,120,135,464,800,135
2015/08/26,147,149,140,149,113,800,149
2015/08/27,149,160,149,153,102,500,153
2015/08/28,157,163,157,161,62,900,161
2015/08/31,166,167,161,165,82,600,165
2015/09/01,167,168,156,156,82,500,156
2015/09/02,151,165,146,159,53,000,159
2015/09/03,159,164,158,164,47,400,164
2015/09/04,164,164,155,158,134,800,158
2015/09/07,153,157,150,154,21,000,154
2015/09/08,153,155,142,152,37,500,152
2015/09/09,151,158,151,158,53,500,158
2015/09/10,160,160,155,157,24,000,157
2015/09/11,153,159,152,159,46,400,159
2015/09/14,160,161,159,159,16,500,159
2015/09/15,159,160,157,159,6,900,159
2015/09/16,160,176,158,168,222,200,168
2015/09/17,180,217,175,187,3,598,900,187
2015/09/18,177,182,173,177,330,900,177
2015/09/24,182,213,176,200,1,912,800,200
2015/09/25,194,199,176,177,614,100,177
2015/09/28,177,183,177,180,132,800,180
2015/09/29,178,178,168,168,105,900,168
2015/09/30,183,210,179,182,2,362,000,182
2015/10/01,191,195,181,185,265,700,185
2015/10/02,182,183,179,180,65,500,180
2015/10/05,185,186,180,182,51,900,182
2015/10/06,180,183,178,180,62,400,180
2015/10/07,179,181,177,179,93,900,179
