2011/05/25,440,440,440,440,100,440
2011/05/27,452,452,452,452,200,452
2011/05/30,452,452,442,442,500,442
2011/06/01,443,455,443,455,800,455
2011/06/02,440,441,440,441,1,100,441
2011/06/03,442,442,442,442,600,442
2011/06/06,450,450,450,450,900,450
2011/06/07,444,444,444,444,200,444
2011/06/09,440,440,440,440,2,000,440
2011/06/10,435,435,435,435,20,400,435
2011/06/13,433,433,432,432,200,432
2011/06/15,440,440,440,440,100,440
2011/06/17,439,439,439,439,100,439
2011/06/21,435,435,435,435,200,435
2011/06/22,443,443,428,436,1,400,436
2011/06/23,428,432,428,432,700,432
2011/06/27,433,433,433,433,900,433
2011/06/28,427,427,427,427,100,427
2011/06/29,441,441,441,441,200,441
2011/06/30,439,440,437,440,1,800,440
2015/08/24,650,666,631,636,189,800,636
2015/08/25,591,640,581,606,197,400,606
2015/08/26,628,635,610,630,76,600,630
2015/08/27,670,670,641,649,84,300,649
2015/08/28,669,669,645,651,62,600,651
2015/08/31,645,645,626,633,56,600,633
2015/09/01,628,640,618,618,56,700,618
2015/09/02,608,627,607,618,48,100,618
2015/09/03,622,627,614,614,23,600,614
2015/09/04,618,620,593,599,50,500,599
2015/09/07,590,599,582,592,38,400,592
2015/09/08,582,588,573,573,68,000,573
2015/09/09,599,599,582,599,56,600,599
2015/09/10,583,593,582,590,15,800,590
2015/09/11,588,628,588,621,86,900,621
2015/09/14,620,626,611,617,40,100,617
2015/09/15,620,632,611,612,34,600,612
2015/09/16,615,617,605,612,29,200,612
2015/09/17,613,614,607,612,16,400,612
2015/09/18,607,608,598,602,20,600,602
2015/09/24,600,600,584,584,33,100,584
2015/09/25,584,592,584,592,38,100,592
2015/09/28,594,597,587,591,24,400,591
2015/09/29,583,584,571,573,66,700,573
2015/09/30,580,583,574,575,22,300,575
2015/10/01,578,578,565,568,48,400,568
2015/10/02,566,571,557,568,28,100,568
2015/10/05,570,573,565,569,22,100,569
2015/10/06,575,582,572,577,26,900,577
2015/10/07,577,595,577,588,32,400,588
