2011/06/03,26,500,26,500,26,400,26,500,250,2,650
2011/06/06,26,180,26,190,26,180,26,180,80,2,618
2011/06/07,26,300,26,300,26,200,26,200,80,2,620
2011/06/08,26,310,26,600,26,310,26,500,60,2,650
2011/06/09,26,500,26,500,26,500,26,500,10,2,650
2011/06/10,26,500,26,500,26,400,26,400,240,2,640
2011/06/13,26,400,26,450,26,220,26,450,130,2,645
2011/06/14,26,450,26,600,26,450,26,600,30,2,660
2011/06/15,26,450,26,500,26,430,26,500,190,2,650
2011/06/16,26,300,26,500,26,300,26,500,210,2,650
2011/06/17,26,500,26,780,26,400,26,780,40,2,678
2011/06/20,26,800,26,800,26,800,26,800,10,2,680
2011/06/21,26,600,26,850,26,560,26,850,140,2,685
2011/06/22,26,720,26,720,26,710,26,710,20,2,671
2011/06/23,26,710,26,900,26,710,26,710,50,2,671
2011/06/24,26,710,26,710,26,700,26,700,90,2,670
2011/06/27,26,960,26,960,26,500,26,850,50,2,685
2011/06/28,26,840,26,840,26,790,26,790,20,2,679
2011/06/29,26,970,26,970,26,510,26,510,70,2,651
2011/06/30,26,950,26,950,26,950,26,950,10,2,695
2015/08/21,3,800,3,800,3,750,3,750,500,3,750
2015/08/24,3,700,3,705,3,625,3,645,1,100,3,645
2015/08/25,3,640,3,650,3,565,3,565,4,300,3,565
2015/08/26,3,575,3,600,3,575,3,600,4,600,3,600
2015/08/27,3,600,3,600,3,525,3,565,2,800,3,565
2015/08/28,3,535,3,550,3,475,3,500,9,200,3,500
2015/08/31,3,545,3,545,3,475,3,495,4,400,3,495
2015/09/01,3,495,3,500,3,455,3,495,1,800,3,495
2015/09/02,3,455,3,460,3,355,3,425,5,700,3,425
2015/09/03,3,440,3,495,3,375,3,375,5,900,3,375
2015/09/04,3,445,3,510,3,365,3,510,5,700,3,510
2015/09/07,3,510,3,510,3,510,3,510,300,3,510
2015/09/08,3,510,3,510,3,455,3,510,700,3,510
2015/09/09,3,500,3,530,3,480,3,530,1,400,3,530
2015/09/10,3,460,3,530,3,460,3,500,1,400,3,500
2015/09/11,3,500,3,550,3,500,3,550,300,3,550
2015/09/15,3,550,3,550,3,550,3,550,100,3,550
2015/09/16,3,545,3,545,3,545,3,545,200,3,545
2015/09/17,3,535,3,535,3,535,3,535,100,3,535
2015/09/18,3,535,3,535,3,495,3,525,1,100,3,525
2015/09/24,3,505,3,530,3,450,3,450,4,100,3,450
2015/09/25,3,450,3,450,3,450,3,450,500,3,450
