2011/06/08,68,100,70,000,67,700,69,200,196,346
2011/06/09,72,500,79,200,70,600,70,800,4,810,354
2011/06/10,71,300,73,100,68,600,68,800,952,344
2011/06/13,68,300,69,800,68,000,69,400,260,347
2011/06/15,69,200,69,400,68,200,69,400,297,347
2011/06/16,69,600,71,000,69,400,69,400,274,347
2011/06/17,69,600,70,400,69,000,70,000,154,350
2011/06/22,74,000,75,400,71,100,73,400,453,367
2011/06/27,73,500,74,100,72,800,73,200,125,366
2011/06/28,73,900,74,600,73,200,74,400,192,372
2015/08/24,1,103,1,122,1,002,1,039,187,100,1,039
2015/08/25,950,1,030,910,962,280,400,962
2015/08/26,1,000,1,016,976,1,006,162,800,1,006
2015/08/27,1,021,1,055,1,019,1,035,124,300,1,035
2015/08/28,1,082,1,092,1,058,1,088,94,500,1,088
2015/08/31,1,075,1,099,1,064,1,099,89,700,1,099
2015/09/01,1,072,1,081,1,005,1,022,103,200,1,022
2015/09/02,965,1,014,963,992,94,300,992
2015/09/03,1,050,1,088,987,994,321,600,994
2015/09/04,1,000,1,004,937,945,166,800,945
2015/09/07,950,952,906,929,147,100,929
2015/09/08,933,987,930,930,186,700,930
2015/09/09,990,1,009,967,1,004,143,300,1,004
2015/09/10,961,986,951,980,92,400,980
2015/09/11,998,1,027,994,1,023,110,300,1,023
2015/09/14,1,025,1,030,977,987,57,700,987
2015/09/15,988,1,005,988,995,40,200,995
2015/09/16,1,002,1,007,990,990,40,600,990
2015/09/17,990,1,000,990,1,000,25,900,1,000
2015/09/18,1,005,1,019,999,1,009,48,100,1,009
2015/09/24,1,000,1,010,974,980,86,000,980
2015/09/25,972,994,968,980,38,700,980
2015/09/28,977,985,971,979,53,500,979
2015/09/29,968,979,925,939,106,200,939
2015/09/30,934,947,932,939,49,600,939
2015/10/01,954,970,939,969,45,600,969
2015/10/02,965,969,951,956,46,900,956
2015/10/05,965,991,965,975,77,200,975
2015/10/06,990,999,973,983,81,000,983
2015/10/07,970,977,961,969,69,100,969
2015/10/08,984,985,959,967,67,600,967
2015/10/09,961,970,958,959,81,800,959
