2011/06/02,373,373,373,373,600,373
2011/06/03,376,376,376,376,300,376
2011/06/06,377,385,377,377,1,300,377
2011/06/07,378,378,372,373,4,100,373
2011/06/09,381,390,380,390,1,300,390
2011/06/10,390,390,390,390,5,000,390
2011/06/13,385,385,381,381,400,381
2011/06/14,377,377,377,377,100,377
2011/06/15,388,389,388,388,1,400,388
2011/06/16,386,388,386,388,1,300,388
2011/06/17,393,393,388,391,2,300,391
2011/06/20,391,393,391,391,1,000,391
2011/06/21,392,392,381,381,700,381
2011/06/22,382,386,382,386,200,386
2011/06/23,390,398,390,398,1,100,398
2011/06/24,395,405,394,405,3,100,405
2011/06/27,405,407,405,407,3,500,407
2011/06/28,410,410,410,410,400,410
2011/06/29,415,424,412,424,2,400,424
2011/06/30,424,432,424,432,5,800,432
2015/08/24,770,773,732,738,16,000,738
2015/08/25,726,738,705,712,16,400,712
2015/08/26,728,768,717,729,9,700,729
2015/08/27,759,762,733,737,6,400,737
2015/08/28,758,761,750,753,5,500,753
2015/08/31,753,766,753,760,10,600,760
2015/09/01,755,772,740,740,8,900,740
2015/09/02,731,755,731,737,3,400,737
2015/09/03,740,746,737,738,1,900,738
2015/09/04,744,745,716,716,8,200,716
2015/09/07,707,714,700,714,10,300,714
2015/09/08,711,725,711,721,3,800,721
2015/09/09,733,742,730,740,5,200,740
2015/09/10,740,750,730,739,9,600,739
2015/09/11,724,740,724,739,10,500,739
2015/09/14,740,742,732,732,3,300,732
2015/09/15,732,743,732,734,3,000,734
2015/09/16,735,739,726,726,4,700,726
2015/09/17,730,733,720,733,12,000,733
2015/09/18,730,730,720,725,6,900,725
2015/09/24,715,725,715,720,19,700,720
2015/09/25,720,732,710,732,25,300,732
2015/09/28,720,728,717,718,13,000,718
2015/09/29,711,718,704,704,4,800,704
2015/09/30,704,711,704,710,2,500,710
2015/10/01,710,723,703,715,3,700,715
2015/10/02,712,725,705,723,5,500,723
2015/10/05,725,739,721,722,6,800,722
2015/10/06,728,735,723,732,4,100,732
2015/10/07,723,738,723,734,4,900,734
2015/10/08,730,737,723,729,5,800,729
2015/10/09,727,735,727,734,7,100,734
