2011/06/01,368,368,362,362,2,800,362
2011/06/02,362,363,362,362,1,600,362
2011/06/03,362,362,362,362,1,600,362
2011/06/08,362,362,362,362,400,362
2011/06/09,354,354,351,353,1,400,353
2011/06/10,343,354,343,350,1,400,350
2011/06/13,350,350,350,350,500,350
2011/06/14,355,357,355,356,3,200,356
2011/06/15,357,361,355,361,5,800,361
2011/06/16,361,370,361,367,3,200,367
2011/06/17,375,376,371,375,6,400,375
2011/06/20,390,390,373,373,17,900,373
2011/06/21,369,380,369,380,2,800,380
2011/06/22,381,390,381,384,800,384
2011/06/23,385,385,383,385,600,385
2011/06/24,385,385,383,385,4,900,385
2011/06/27,395,395,384,384,3,600,384
2011/06/28,383,383,378,378,1,500,378
2011/06/29,378,386,378,386,1,100,386
2011/06/30,386,386,382,385,5,800,385
2015/08/19,443,443,439,439,3,300,439
2015/08/20,443,443,437,437,7,800,437
2015/08/21,430,430,430,430,400,430
2015/08/24,422,428,422,428,62,000,428
2015/08/25,436,436,435,436,3,200,436
2015/08/26,444,444,433,434,4,800,434
2015/08/27,434,434,427,430,500,430
2015/08/28,428,433,428,433,200,433
2015/08/31,438,440,438,440,2,300,440
2015/09/01,444,444,444,444,3,100,444
2015/09/03,441,441,440,440,300,440
2015/09/08,435,435,435,435,100,435
2015/09/09,435,440,435,440,800,440
2015/09/10,447,447,428,428,19,200,428
2015/09/11,428,435,428,435,5,900,435
2015/09/14,440,449,436,437,1,900,437
2015/09/15,445,446,435,440,8,700,440
2015/09/16,442,448,442,447,4,300,447
2015/09/17,445,447,444,445,2,000,445
2015/09/18,449,449,433,441,6,100,441
2015/09/24,457,457,443,448,10,200,448
2015/09/25,456,457,450,454,11,600,454
2015/09/28,446,446,444,445,2,000,445
2015/09/30,454,454,454,454,900,454
2015/10/01,453,453,453,453,1,000,453
2015/10/02,455,455,455,455,3,200,455
2015/10/05,460,479,460,470,6,900,470
2015/10/06,483,484,480,483,7,000,483
2015/10/07,473,473,465,468,4,500,468
