2011/06/03,603,606,597,598,2,058,000,598
2011/06/06,598,602,590,590,1,642,000,590
2011/06/07,589,595,585,591,1,795,000,591
2011/06/08,593,599,592,596,1,309,000,596
2011/06/09,590,593,586,591,1,559,000,591
2011/06/10,599,609,595,596,5,251,000,596
2011/06/13,594,602,590,599,2,187,000,599
2011/06/14,599,615,598,611,1,630,000,611
2011/06/15,614,618,607,611,1,943,000,611
2011/06/16,603,605,595,596,1,442,000,596
2011/06/17,603,606,590,593,2,682,000,593
2011/06/20,595,598,592,594,1,516,000,594
2011/06/21,604,604,597,601,1,587,000,601
2011/06/22,602,611,601,608,1,925,000,608
2011/06/23,602,610,598,603,1,787,000,603
2011/06/24,605,609,600,604,1,456,000,604
2011/06/27,601,607,598,600,1,192,000,600
2011/06/28,607,614,604,607,1,562,000,607
2011/06/29,617,620,613,616,1,754,000,616
2011/06/30,621,624,615,622,2,645,000,622
2015/08/24,979,987,941,943,5,038,000,943
2015/08/25,928,965,915,918,5,390,000,918
2015/08/26,928,965,920,964,4,243,000,964
2015/08/27,974,990,963,966,2,574,000,966
2015/08/28,991,1,003,983,995,2,044,000,995
2015/08/31,993,1,008,983,1,007,2,216,000,1,007
2015/09/01,998,1,002,968,968,2,672,000,968
2015/09/02,953,983,951,958,3,998,000,958
2015/09/03,967,981,958,960,1,880,000,960
2015/09/04,965,973,949,961,3,452,000,961
2015/09/07,957,977,947,974,2,894,000,974
2015/09/08,974,980,954,954,1,726,000,954
2015/09/09,990,1,018,984,1,018,2,753,000,1,018
2015/09/10,991,997,981,992,2,255,000,992
2015/09/11,988,1,008,986,1,006,3,288,000,1,006
2015/09/14,1,010,1,013,994,997,1,544,000,997
2015/09/15,1,004,1,021,1,002,1,011,1,661,000,1,011
2015/09/16,1,015,1,016,994,997,1,587,000,997
2015/09/17,1,006,1,008,994,1,000,1,555,000,1,000
2015/09/18,994,994,970,971,3,150,000,971
2015/09/24,964,978,952,952,2,825,000,952
2015/09/25,954,968,947,966,2,377,000,966
