2011/05/13,272,272,272,272,500,272
2011/05/16,280,281,280,281,1,500,281
2011/05/17,281,281,281,281,1,500,281
2011/05/18,285,285,285,285,1,000,285
2011/05/20,290,291,290,291,5,000,291
2011/05/23,292,293,289,289,3,000,289
2011/05/24,296,296,296,296,1,000,296
2011/05/25,304,304,304,304,9,000,304
2011/05/26,296,296,290,290,2,000,290
2011/05/31,310,310,310,310,1,500,310
2011/06/02,310,314,310,314,5,000,314
2011/06/09,310,310,310,310,500,310
2011/06/10,315,315,315,315,1,000,315
2011/06/15,314,314,298,301,4,500,301
2011/06/21,305,313,305,313,1,500,313
2011/06/22,313,313,313,313,500,313
2011/06/23,313,313,312,313,1,500,313
2011/06/24,313,313,313,313,500,313
2011/06/27,343,343,340,340,8,000,340
2011/06/30,340,340,340,340,2,000,340
2015/08/20,482,485,482,482,500,482
2015/08/21,488,488,482,482,600,482
2015/08/24,481,481,470,472,1,300,472
2015/08/25,480,480,467,467,5,500,467
2015/08/26,470,470,470,470,100,470
2015/08/27,487,487,487,487,100,487
2015/08/28,487,487,484,487,600,487
2015/08/31,495,495,495,495,1,000,495
2015/09/01,499,499,499,499,500,499
2015/09/02,498,498,474,482,2,000,482
2015/09/04,475,475,475,475,100,475
2015/09/07,472,472,469,470,800,470
2015/09/09,470,470,462,462,1,600,462
2015/09/10,489,489,464,464,2,300,464
2015/09/11,464,470,464,470,300,470
2015/09/14,463,463,463,463,700,463
2015/09/15,463,463,463,463,200,463
2015/09/16,465,469,465,469,600,469
2015/09/17,470,483,470,480,1,900,480
2015/09/18,483,483,475,475,900,475
2015/09/24,478,479,478,478,1,000,478
2015/09/25,484,484,484,484,5,400,484
2015/09/29,472,472,468,468,900,468
2015/09/30,484,484,476,476,1,500,476
2015/10/01,469,469,469,469,300,469
2015/10/02,469,469,469,469,400,469
2015/10/05,472,472,472,472,100,472
2015/10/06,475,475,475,475,500,475
2015/10/09,498,498,482,482,1,500,482
