2011/06/03,555,562,554,562,1,000,562
2011/06/06,564,564,550,550,4,900,550
2011/06/07,556,566,556,560,1,800,560
2011/06/08,560,560,555,560,1,800,560
2011/06/09,560,560,560,560,600,560
2011/06/10,560,560,560,560,300,560
2011/06/13,551,551,541,543,3,000,543
2011/06/14,538,548,538,548,800,548
2011/06/15,528,535,522,522,10,000,522
2011/06/16,522,534,512,519,11,500,519
2011/06/17,523,523,510,517,7,000,517
2011/06/20,514,518,495,500,4,000,500
2011/06/21,501,516,498,516,2,300,516
2011/06/22,504,504,495,498,15,000,498
2011/06/23,505,505,485,498,7,300,498
2011/06/24,495,505,493,505,2,100,505
2011/06/27,545,550,507,518,41,400,518
2011/06/28,519,520,513,518,15,000,518
2011/06/29,518,520,515,520,13,000,520
2011/06/30,530,534,522,534,10,700,534
2015/08/24,595,595,569,570,26,600,570
2015/08/25,560,587,555,570,12,600,570
2015/08/26,580,593,568,586,2,900,586
2015/08/27,590,603,590,603,2,200,603
2015/08/28,604,610,595,609,3,400,609
2015/08/31,605,609,603,607,3,100,607
2015/09/01,610,610,581,582,5,700,582
2015/09/02,578,592,569,592,7,000,592
2015/09/03,592,602,592,597,2,200,597
2015/09/04,598,598,587,597,800,597
2015/09/07,592,592,578,589,4,200,589
2015/09/08,589,590,571,573,3,900,573
2015/09/09,580,590,580,590,5,000,590
2015/09/10,588,589,581,589,7,000,589
2015/09/11,589,589,589,589,800,589
2015/09/14,589,590,586,590,900,590
2015/09/15,593,598,593,598,2,200,598
2015/09/16,592,598,591,595,2,900,595
2015/09/17,595,605,595,603,2,900,603
2015/09/18,604,604,594,601,1,600,601
2015/09/24,596,600,591,591,6,300,591
2015/09/25,598,603,598,600,800,600
