2011/06/03,1,187,1,209,1,152,1,193,2,923,000,1,193
2011/06/06,1,194,1,204,1,173,1,183,1,363,000,1,183
2011/06/07,1,164,1,165,1,144,1,161,2,145,000,1,161
2011/06/08,1,172,1,179,1,149,1,177,1,360,000,1,177
2011/06/09,1,174,1,177,1,157,1,174,985,000,1,174
2011/06/10,1,173,1,177,1,143,1,145,1,279,000,1,145
2011/06/13,1,126,1,138,1,116,1,128,1,326,000,1,128
2011/06/14,1,122,1,142,1,118,1,134,1,347,000,1,134
2011/06/15,1,140,1,141,1,111,1,125,1,903,000,1,125
2011/06/16,1,124,1,129,1,114,1,114,1,079,000,1,114
2011/06/17,1,112,1,150,1,109,1,113,1,478,000,1,113
2011/06/20,1,116,1,137,1,116,1,133,1,160,000,1,133
2011/06/21,1,134,1,151,1,132,1,151,672,000,1,151
2011/06/22,1,151,1,187,1,139,1,185,1,603,000,1,185
2011/06/23,1,169,1,172,1,152,1,160,926,000,1,160
2011/06/24,1,159,1,167,1,146,1,150,941,000,1,150
2011/06/27,1,151,1,157,1,130,1,140,804,000,1,140
2011/06/28,1,140,1,159,1,138,1,150,585,000,1,150
2011/06/29,1,171,1,178,1,159,1,170,850,000,1,170
2011/06/30,1,200,1,208,1,187,1,197,1,592,000,1,197
2015/08/24,3,420,3,475,3,335,3,350,1,323,400,3,350
2015/08/25,3,160,3,370,3,150,3,190,1,937,200,3,190
2015/08/26,3,295,3,425,3,225,3,410,1,474,700,3,410
2015/08/27,3,480,3,540,3,385,3,410,718,400,3,410
2015/08/28,3,560,3,615,3,515,3,605,1,168,900,3,605
2015/08/31,3,580,3,625,3,520,3,550,1,438,200,3,550
2015/09/01,3,545,3,545,3,435,3,435,961,400,3,435
2015/09/02,3,380,3,510,3,320,3,405,1,075,400,3,405
2015/09/03,3,450,3,460,3,330,3,350,844,800,3,350
2015/09/04,3,400,3,400,3,270,3,320,883,200,3,320
2015/09/07,3,265,3,360,3,225,3,345,919,800,3,345
2015/09/08,3,310,3,340,3,220,3,225,623,200,3,225
2015/09/09,3,335,3,410,3,280,3,410,685,500,3,410
2015/09/10,3,340,3,495,3,320,3,375,1,501,700,3,375
2015/09/11,3,305,3,375,3,270,3,315,1,149,000,3,315
2015/09/14,3,325,3,380,3,290,3,325,853,000,3,325
2015/09/15,3,325,3,340,3,235,3,235,1,024,400,3,235
2015/09/16,3,280,3,285,3,170,3,195,1,119,000,3,195
2015/09/17,3,210,3,250,3,155,3,240,822,200,3,240
2015/09/18,2,902,3,110,2,900,3,005,3,550,300,3,005
2015/09/24,3,015,3,100,2,848,2,854,2,526,000,2,854
2015/09/25,2,900,2,954,2,851,2,912,1,610,600,2,912
