2011/06/03,82,84,82,83,88,000,83
2011/06/06,82,83,80,80,86,000,80
2011/06/07,80,81,80,81,48,000,81
2011/06/08,83,83,82,82,81,000,82
2011/06/09,83,87,82,86,164,000,86
2011/06/10,86,86,84,84,140,000,84
2011/06/13,84,89,83,87,118,000,87
2011/06/14,86,87,86,86,21,000,86
2011/06/15,87,87,84,84,53,000,84
2011/06/16,84,84,83,83,40,000,83
2011/06/17,83,85,83,84,60,000,84
2011/06/20,86,86,82,85,170,000,85
2011/06/21,85,86,84,86,59,000,86
2011/06/22,88,90,87,90,159,000,90
2011/06/23,91,91,87,88,135,000,88
2011/06/24,88,89,87,89,35,000,89
2011/06/27,89,91,88,90,105,000,90
2011/06/28,91,91,90,90,120,000,90
2011/06/29,91,91,89,90,50,000,90
2011/06/30,90,90,89,90,85,000,90
2015/08/24,157,160,139,139,624,000,139
2015/08/25,141,159,140,147,1,435,000,147
2015/08/26,151,161,149,160,583,000,160
2015/08/27,161,164,158,159,452,000,159
2015/08/28,162,162,159,162,245,000,162
2015/08/31,162,164,160,163,150,000,163
2015/09/01,160,160,153,154,181,000,154
2015/09/02,151,156,150,152,204,000,152
2015/09/03,153,160,153,156,265,000,156
2015/09/04,157,158,152,155,263,000,155
2015/09/07,150,152,149,151,265,000,151
2015/09/08,156,156,147,147,227,000,147
2015/09/09,153,155,151,155,184,000,155
2015/09/10,150,155,149,154,208,000,154
2015/09/11,154,154,152,153,269,000,153
2015/09/14,153,153,150,150,159,000,150
2015/09/15,150,153,149,151,96,000,151
2015/09/16,152,153,150,152,86,000,152
2015/09/17,150,154,150,152,152,000,152
2015/09/18,150,151,149,149,247,000,149
2015/09/24,150,150,144,144,359,000,144
2015/09/25,145,145,141,143,499,000,143
2015/09/28,1,440,1,440,1,391,1,409,34,300,1,409
2015/09/29,1,390,1,404,1,362,1,380,30,900,1,380
2015/09/30,1,380,1,411,1,380,1,400,17,400,1,400
2015/10/01,1,400,1,436,1,400,1,432,19,600,1,432
2015/10/02,1,432,1,470,1,432,1,447,10,100,1,447
2015/10/05,1,439,1,475,1,439,1,474,12,100,1,474
2015/10/06,1,458,1,473,1,453,1,459,18,300,1,459
2015/10/07,1,453,1,468,1,445,1,453,16,200,1,453
