2015/08/24,41,42,39,39,4,947,000,39
2015/08/25,37,41,37,38,4,769,000,38
2015/08/26,39,41,39,41,2,066,000,41
2015/08/27,42,42,40,40,1,463,000,40
2015/08/28,42,44,41,44,3,499,000,44
2015/08/31,44,44,42,42,1,674,000,42
2015/09/01,41,42,40,40,1,286,000,40
2015/09/02,39,41,39,41,1,654,000,41
2015/09/03,41,42,40,41,1,131,000,41
2015/09/04,40,41,39,39,943,000,39
2015/09/07,39,41,39,40,720,000,40
2015/09/08,40,40,39,39,337,000,39
2015/09/09,40,42,40,42,1,091,000,42
2015/09/10,41,42,40,40,702,000,40
2015/09/11,41,42,40,40,646,000,40
2015/09/14,40,41,39,40,1,441,000,40
2015/09/15,41,42,40,41,840,000,41
2015/09/16,41,41,40,40,742,000,40
2015/09/17,40,41,40,40,446,000,40
2015/09/18,40,41,40,40,425,000,40
2015/09/24,40,40,39,39,654,000,39
2015/09/25,39,40,39,39,490,000,39
