2011/06/03,260,262,255,255,63,300,255
2011/06/06,255,257,249,252,82,500,252
2011/06/07,250,254,250,252,24,600,252
2011/06/08,251,253,250,251,24,100,251
2011/06/09,250,252,242,246,80,900,246
2011/06/10,245,250,245,245,109,800,245
2011/06/13,244,245,238,240,98,300,240
2011/06/14,240,242,238,241,69,300,241
2011/06/15,245,245,241,242,45,600,242
2011/06/16,244,244,242,244,44,500,244
2011/06/17,246,248,243,248,106,800,248
2011/06/20,252,257,248,253,142,100,253
2011/06/21,259,261,257,258,52,200,258
2011/06/22,261,263,257,257,47,900,257
2011/06/23,255,261,255,260,34,700,260
2011/06/24,273,273,257,266,122,600,266
2011/06/27,265,266,263,263,30,600,263
2011/06/28,265,267,264,266,15,600,266
2011/06/29,268,268,265,266,30,300,266
2011/06/30,268,270,267,270,42,600,270
2015/08/24,477,526,473,482,4,410,900,482
2015/08/25,458,500,421,444,3,696,400,444
2015/08/26,454,483,441,479,1,520,500,479
2015/08/27,493,499,459,469,1,714,600,469
2015/08/28,484,486,462,469,822,000,469
2015/08/31,475,506,467,502,1,544,100,502
2015/09/01,497,502,468,470,1,224,700,470
2015/09/02,454,475,446,451,1,239,600,451
2015/09/03,461,474,456,461,653,000,461
2015/09/04,461,462,397,412,2,198,000,412
2015/09/07,404,417,393,410,1,021,300,410
2015/09/08,407,409,379,383,928,700,383
2015/09/09,407,407,388,398,804,900,398
2015/09/10,388,407,388,405,468,600,405
2015/09/11,405,435,404,429,795,900,429
2015/09/14,438,443,400,409,1,008,200,409
2015/09/15,408,418,402,407,412,400,407
2015/09/16,413,420,404,419,374,100,419
2015/09/17,420,432,410,428,683,000,428
2015/09/18,424,430,415,429,439,500,429
2015/09/24,431,439,425,428,489,000,428
2015/09/25,429,436,419,429,462,700,429
2015/09/28,411,416,387,415,1,095,100,415
2015/09/29,402,407,378,385,716,600,385
2015/09/30,395,413,389,410,506,200,410
2015/10/01,414,449,414,442,1,416,800,442
2015/10/02,436,460,436,456,902,100,456
2015/10/05,470,482,460,480,913,000,480
2015/10/06,485,487,460,467,937,700,467
2015/10/07,461,470,454,468,531,500,468
2015/10/08,471,495,463,494,827,100,494
