2011/06/03,1,289,1,300,1,283,1,283,1,108,000,1,283
2011/06/06,1,288,1,296,1,274,1,287,1,402,400,1,287
2011/06/07,1,278,1,297,1,262,1,291,787,800,1,291
2011/06/08,1,287,1,302,1,278,1,299,830,600,1,299
2011/06/09,1,291,1,316,1,283,1,305,1,337,600,1,305
2011/06/10,1,314,1,329,1,309,1,322,2,772,300,1,322
2011/06/13,1,309,1,325,1,299,1,325,777,200,1,325
2011/06/14,1,315,1,330,1,302,1,326,761,400,1,326
2011/06/15,1,346,1,375,1,342,1,363,1,408,500,1,363
2011/06/16,1,346,1,352,1,316,1,320,933,100,1,320
2011/06/17,1,328,1,336,1,305,1,320,1,120,600,1,320
2011/06/20,1,325,1,330,1,302,1,309,759,900,1,309
2011/06/21,1,317,1,322,1,304,1,319,816,900,1,319
2011/06/22,1,320,1,345,1,316,1,339,1,301,800,1,339
2011/06/23,1,323,1,337,1,314,1,325,1,530,400,1,325
2011/06/24,1,339,1,351,1,335,1,349,1,096,400,1,349
2011/06/27,1,333,1,340,1,316,1,318,729,700,1,318
2011/06/28,1,329,1,342,1,328,1,338,811,100,1,338
2011/06/29,1,348,1,354,1,338,1,352,788,100,1,352
2011/06/30,1,362,1,378,1,358,1,373,1,176,100,1,373
2015/08/24,2,785,2,799,2,706,2,720,1,085,200,2,720
2015/08/25,2,626,2,720,2,581,2,602,1,738,100,2,602
2015/08/26,2,574,2,660,2,563,2,652,1,468,900,2,652
2015/08/27,2,680,2,710,2,652,2,673,1,098,900,2,673
2015/08/28,2,761,2,824,2,755,2,804,913,500,2,804
2015/08/31,2,790,2,808,2,748,2,794,872,300,2,794
2015/09/01,2,790,2,803,2,707,2,708,709,400,2,708
2015/09/02,2,669,2,738,2,656,2,681,855,200,2,681
2015/09/03,2,678,2,725,2,675,2,693,667,000,2,693
2015/09/04,2,719,2,737,2,608,2,635,703,800,2,635
2015/09/07,2,612,2,699,2,604,2,680,669,100,2,680
2015/09/08,2,693,2,722,2,640,2,643,652,500,2,643
2015/09/09,2,739,2,870,2,722,2,870,1,043,700,2,870
2015/09/10,2,780,2,855,2,780,2,842,565,900,2,842
2015/09/11,2,825,2,855,2,774,2,784,2,128,900,2,784
2015/09/14,2,807,2,815,2,719,2,729,559,800,2,729
2015/09/15,2,766,2,815,2,733,2,740,711,300,2,740
2015/09/16,2,784,2,811,2,755,2,777,514,400,2,777
2015/09/17,2,773,2,797,2,737,2,754,951,400,2,754
2015/09/18,2,740,2,754,2,671,2,697,766,000,2,697
2015/09/24,2,670,2,704,2,602,2,606,703,600,2,606
2015/09/25,2,624,2,670,2,610,2,670,805,100,2,670
2015/09/28,2,661,2,685,2,573,2,588,653,300,2,588
2015/09/29,2,551,2,551,2,447,2,454,920,600,2,454
2015/09/30,2,520,2,536,2,469,2,513,640,700,2,513
2015/10/01,2,523,2,573,2,478,2,536,865,200,2,536
2015/10/02,2,519,2,538,2,491,2,508,630,500,2,508
2015/10/05,2,547,2,601,2,543,2,583,582,400,2,583
2015/10/06,2,647,2,662,2,593,2,608,744,800,2,608
2015/10/07,2,624,2,715,2,623,2,700,989,100,2,700
