2011/06/03,4,420,4,480,4,395,4,450,1,796,300,4,450
2011/06/06,4,440,4,445,4,330,4,345,1,279,500,4,345
2011/06/07,4,350,4,390,4,345,4,375,1,298,300,4,375
2011/06/08,4,355,4,370,4,320,4,355,971,500,4,355
2011/06/09,4,350,4,395,4,330,4,370,964,900,4,370
2011/06/10,4,390,4,430,4,370,4,390,2,779,000,4,390
2011/06/13,4,350,4,385,4,335,4,375,641,500,4,375
2011/06/14,4,330,4,350,4,280,4,345,1,965,300,4,345
2011/06/15,4,355,4,370,4,325,4,355,798,400,4,355
2011/06/16,4,320,4,325,4,250,4,260,1,606,500,4,260
2011/06/17,4,255,4,275,4,190,4,220,1,130,900,4,220
2011/06/20,4,225,4,240,4,190,4,200,833,400,4,200
2011/06/21,4,240,4,285,4,230,4,280,1,138,000,4,280
2011/06/22,4,310,4,355,4,300,4,350,1,196,000,4,350
2011/06/23,4,310,4,325,4,250,4,255,1,101,800,4,255
2011/06/24,4,290,4,375,4,280,4,365,1,353,200,4,365
2011/06/27,4,325,4,350,4,305,4,325,677,400,4,325
2011/06/28,4,375,4,400,4,335,4,345,890,500,4,345
2011/06/29,4,420,4,420,4,375,4,405,873,500,4,405
2011/06/30,4,400,4,400,4,345,4,370,1,302,400,4,370
2015/08/24,5,963,6,112,5,907,5,965,2,243,800,5,965
2015/08/25,5,799,6,349,5,783,6,000,3,214,600,6,000
2015/08/26,5,961,6,240,5,938,6,232,1,865,300,6,232
2015/08/27,6,309,6,376,6,252,6,286,1,404,000,6,286
2015/08/28,6,386,6,555,6,350,6,477,2,386,600,6,477
2015/08/31,6,417,6,478,6,303,6,378,1,163,900,6,378
2015/09/01,6,378,6,389,6,236,6,244,1,321,100,6,244
2015/09/02,6,180,6,371,6,159,6,222,1,934,500,6,222
2015/09/03,6,333,6,379,6,274,6,300,1,345,000,6,300
2015/09/04,6,344,6,367,6,081,6,147,1,351,000,6,147
2015/09/07,6,147,6,320,6,140,6,245,1,315,300,6,245
2015/09/08,6,285,6,366,6,186,6,210,1,482,700,6,210
2015/09/09,6,396,6,590,6,348,6,584,1,676,500,6,584
2015/09/10,6,330,6,480,6,323,6,473,1,468,000,6,473
2015/09/11,6,282,6,374,6,192,6,225,3,771,400,6,225
2015/09/14,6,201,6,254,6,194,6,203,1,348,400,6,203
2015/09/15,6,263,6,325,6,231,6,233,1,550,300,6,233
2015/09/16,6,340,6,489,6,332,6,434,1,004,400,6,434
2015/09/17,6,504,6,551,6,455,6,467,826,200,6,467
2015/09/18,6,367,6,389,6,219,6,231,1,606,400,6,231
2015/09/24,6,045,6,089,5,802,5,937,2,747,100,5,937
2015/09/25,5,969,6,036,5,803,6,036,1,556,800,6,036
2015/09/28,5,831,5,928,5,765,5,812,1,184,900,5,812
2015/09/29,5,695,5,708,5,519,5,531,1,667,700,5,531
2015/09/30,5,544,5,686,5,542,5,614,1,402,900,5,614
2015/10/01,5,645,5,993,5,616,5,892,2,120,800,5,892
2015/10/02,5,815,5,998,5,751,5,943,1,280,400,5,943
2015/10/05,6,005,6,110,5,960,6,021,1,357,800,6,021
2015/10/06,6,105,6,185,6,071,6,118,1,421,700,6,118
2015/10/07,6,088,6,338,6,078,6,303,1,101,900,6,303
