2011/06/03,228,230,228,228,30,000,228
2011/06/06,226,227,226,227,18,000,227
2011/06/07,226,230,226,227,9,000,227
2011/06/08,226,226,225,225,15,000,225
2011/06/09,224,225,224,225,22,000,225
2011/06/10,226,226,224,226,107,000,226
2011/06/13,225,226,225,225,30,000,225
2011/06/14,226,226,225,226,20,000,226
2011/06/15,226,226,224,225,15,000,225
2011/06/16,224,225,224,224,14,000,224
2011/06/17,224,224,224,224,19,000,224
2011/06/20,224,226,224,225,9,000,225
2011/06/21,225,226,223,226,19,000,226
2011/06/22,226,229,226,229,34,000,229
2011/06/23,228,230,227,230,28,000,230
2011/06/24,230,233,230,233,50,000,233
2011/06/27,229,230,227,227,34,000,227
2011/06/28,229,229,226,228,19,000,228
2011/06/29,229,230,229,229,14,000,229
2011/06/30,230,234,230,234,30,000,234
2015/08/24,354,355,340,340,215,000,340
2015/08/25,316,339,315,320,246,000,320
2015/08/26,333,344,327,340,184,000,340
2015/08/27,354,354,342,343,82,000,343
2015/08/28,354,354,340,347,152,000,347
2015/08/31,346,356,346,350,65,000,350
2015/09/01,352,355,340,340,111,000,340
2015/09/02,335,340,331,331,88,000,331
2015/09/03,333,340,331,331,83,000,331
2015/09/04,335,337,324,325,97,000,325
2015/09/07,326,328,322,326,93,000,326
2015/09/08,327,331,324,324,75,000,324
2015/09/09,330,335,328,335,85,000,335
2015/09/10,330,333,327,330,86,000,330
2015/09/11,327,334,327,331,176,000,331
2015/09/14,333,334,327,327,88,000,327
2015/09/15,328,332,327,328,72,000,328
2015/09/16,328,331,322,323,148,000,323
2015/09/17,323,327,322,326,60,000,326
2015/09/18,329,330,319,319,211,000,319
2015/09/24,319,321,317,317,183,000,317
2015/09/25,317,318,311,313,267,000,313
2015/09/28,3,170,3,235,3,040,3,160,24,000,3,160
2015/09/29,3,160,3,160,3,040,3,055,21,300,3,055
2015/09/30,3,125,3,195,3,090,3,130,12,400,3,130
2015/10/01,3,130,3,190,3,110,3,170,7,800,3,170
2015/10/02,3,125,3,200,3,125,3,200,7,100,3,200
2015/10/05,3,270,3,315,3,260,3,300,17,900,3,300
2015/10/06,3,310,3,360,3,155,3,215,20,500,3,215
2015/10/07,3,210,3,265,3,210,3,230,12,400,3,230
2015/10/08,3,230,3,250,3,170,3,180,10,100,3,180
