2011/06/03,326,329,322,322,406,000,322
2011/06/06,321,325,320,320,554,000,320
2011/06/07,321,327,321,326,720,000,326
2011/06/08,324,328,323,325,659,000,325
2011/06/09,324,325,321,322,550,000,322
2011/06/10,321,323,318,319,897,000,319
2011/06/13,316,317,314,316,457,000,316
2011/06/14,319,325,318,325,735,000,325
2011/06/15,327,328,324,326,486,000,326
2011/06/16,328,340,327,335,1,174,000,335
2011/06/17,331,334,323,323,1,246,000,323
2011/06/20,321,329,320,325,601,000,325
2011/06/21,326,330,326,330,329,000,330
2011/06/22,331,339,331,338,588,000,338
2011/06/23,339,341,338,339,799,000,339
2011/06/24,335,338,333,338,507,000,338
2011/06/27,337,338,331,334,513,000,334
2011/06/28,336,339,334,338,475,000,338
2011/06/29,343,346,341,345,533,000,345
2011/06/30,345,355,343,355,1,098,000,355
2015/08/24,512,520,505,505,1,129,000,505
2015/08/25,480,504,478,485,1,243,000,485
2015/08/26,485,493,472,489,1,237,000,489
2015/08/27,498,500,481,483,2,008,000,483
2015/08/28,498,510,490,507,994,000,507
2015/08/31,507,513,500,509,689,000,509
2015/09/01,499,499,473,474,1,681,000,474
2015/09/02,460,472,458,461,926,000,461
2015/09/03,469,481,468,470,458,000,470
2015/09/04,475,475,457,465,687,000,465
2015/09/07,461,475,456,472,1,130,000,472
2015/09/08,470,475,462,463,549,000,463
2015/09/09,478,490,478,490,642,000,490
2015/09/10,482,491,479,490,661,000,490
2015/09/11,484,492,483,487,783,000,487
2015/09/14,485,489,474,482,701,000,482
2015/09/15,487,497,473,474,771,000,474
2015/09/16,485,488,480,483,568,000,483
2015/09/17,487,489,482,483,641,000,483
2015/09/18,480,483,471,471,835,000,471
2015/09/24,464,466,451,451,993,000,451
2015/09/25,453,466,450,462,1,002,000,462
2015/09/28,452,455,444,446,815,000,446
2015/09/29,440,441,424,425,860,000,425
2015/09/30,430,441,430,438,643,000,438
2015/10/01,444,452,438,444,701,000,444
2015/10/02,446,452,441,445,864,000,445
2015/10/05,451,454,441,444,1,032,000,444
2015/10/06,451,454,444,448,865,000,448
2015/10/07,450,468,450,466,779,000,466
