2011/06/03,273,274,268,268,379,000,268
2011/06/06,269,274,266,273,798,000,273
2011/06/07,271,274,270,273,306,000,273
2011/06/08,272,274,268,270,464,000,270
2011/06/09,270,272,269,272,171,000,272
2011/06/10,270,278,270,275,902,000,275
2011/06/13,272,274,268,273,291,000,273
2011/06/14,274,282,273,282,1,082,000,282
2011/06/15,286,289,280,287,1,183,000,287
2011/06/16,281,285,277,278,656,000,278
2011/06/17,283,283,274,274,446,000,274
2011/06/20,277,283,276,277,381,000,277
2011/06/21,278,280,276,279,253,000,279
2011/06/22,281,285,280,285,510,000,285
2011/06/23,283,283,277,278,682,000,278
2011/06/24,279,281,277,279,335,000,279
2011/06/27,279,280,274,275,515,000,275
2011/06/28,275,279,274,276,418,000,276
2011/06/29,279,282,277,282,434,000,282
2011/06/30,282,285,282,285,506,000,285
2015/08/24,721,725,696,698,1,581,000,698
2015/08/25,664,696,655,667,1,758,000,667
2015/08/26,673,694,668,693,1,172,000,693
2015/08/27,712,717,699,700,995,000,700
2015/08/28,724,740,718,728,835,000,728
2015/08/31,731,733,717,726,704,000,726
2015/09/01,728,728,699,699,853,000,699
2015/09/02,680,704,677,690,1,156,000,690
2015/09/03,697,706,687,689,738,000,689
2015/09/04,691,698,670,680,1,068,000,680
2015/09/07,673,689,665,685,812,000,685
2015/09/08,685,696,671,675,1,152,000,675
2015/09/09,695,702,689,702,851,000,702
2015/09/10,689,715,687,710,1,008,000,710
2015/09/11,697,710,696,700,1,095,000,700
2015/09/14,706,707,688,692,625,000,692
2015/09/15,692,704,689,691,741,000,691
2015/09/16,700,702,692,702,588,000,702
2015/09/17,706,714,704,708,649,000,708
2015/09/18,706,706,689,695,753,000,695
2015/09/24,689,689,681,683,710,000,683
2015/09/25,688,698,680,691,919,000,691
