2011/06/03,414,416,410,410,38,500,410
2011/06/06,410,414,406,408,32,300,408
2011/06/07,406,412,405,411,43,200,411
2011/06/08,409,423,409,410,57,100,410
2011/06/09,410,416,408,415,64,900,415
2011/06/10,417,428,417,421,139,500,421
2011/06/13,419,421,417,418,25,800,418
2011/06/14,419,428,418,424,39,600,424
2011/06/15,423,425,419,421,32,600,421
2011/06/16,418,422,413,413,53,300,413
2011/06/17,413,413,401,402,82,500,402
2011/06/20,404,408,401,401,54,200,401
2011/06/21,402,407,402,404,47,900,404
2011/06/22,405,413,405,411,74,100,411
2011/06/23,410,418,406,407,75,900,407
2011/06/24,406,413,406,410,83,300,410
2011/06/27,413,422,413,420,93,000,420
2011/06/28,424,429,423,428,70,100,428
2011/06/29,429,438,428,438,66,800,438
2011/06/30,442,450,433,450,92,400,450
2015/08/24,1,034,1,058,994,997,177,600,997
2015/08/25,970,1,007,939,960,234,100,960
2015/08/26,1,035,1,046,989,1,012,167,300,1,012
2015/08/27,1,024,1,024,957,961,339,000,961
2015/08/28,1,015,1,070,1,013,1,061,219,300,1,061
2015/08/31,1,055,1,068,1,011,1,048,293,300,1,048
2015/09/01,1,049,1,068,1,013,1,015,172,100,1,015
2015/09/02,991,1,048,982,1,010,135,100,1,010
2015/09/03,1,019,1,021,963,966,279,800,966
2015/09/04,971,974,936,945,228,200,945
2015/09/07,931,957,920,936,164,000,936
2015/09/08,940,975,926,928,116,300,928
2015/09/09,967,989,963,989,105,600,989
2015/09/10,978,1,015,968,997,137,600,997
2015/09/11,980,1,008,980,986,184,100,986
2015/09/14,1,001,1,002,973,976,93,400,976
2015/09/15,976,1,011,967,995,120,000,995
2015/09/16,1,003,1,008,970,976,100,900,976
2015/09/17,982,989,958,965,173,300,965
2015/09/18,961,964,932,935,200,200,935
2015/09/24,925,957,923,927,178,600,927
2015/09/25,932,971,930,971,234,200,971
2015/09/28,958,958,928,949,137,000,949
2015/09/29,930,930,899,904,139,700,904
2015/09/30,917,949,901,907,260,200,907
2015/10/01,920,965,920,951,168,900,951
2015/10/02,946,971,933,937,238,200,937
2015/10/05,950,958,936,950,85,100,950
2015/10/06,959,969,947,951,89,000,951
2015/10/07,949,960,946,950,165,400,950
2015/10/08,955,970,942,948,280,400,948
2015/10/09,963,974,956,963,184,900,963
