2011/06/02,74,75,73,74,15,000,740
2011/06/03,72,72,72,72,2,000,720
2011/06/06,72,73,72,73,2,000,730
2011/06/07,72,75,72,75,6,000,750
2011/06/08,74,74,73,73,7,000,730
2011/06/09,73,73,72,72,13,000,720
2011/06/10,72,73,72,72,8,000,720
2011/06/13,71,71,71,71,11,000,710
2011/06/14,70,72,70,72,32,000,720
2011/06/15,72,72,72,72,1,000,720
2011/06/17,72,72,71,72,14,000,720
2011/06/20,72,76,72,75,55,000,750
2011/06/21,75,75,75,75,46,000,750
2011/06/22,74,74,72,73,13,000,730
2011/06/23,73,74,73,74,4,000,740
2011/06/24,72,73,72,73,6,000,730
2011/06/27,74,75,73,75,4,000,750
2011/06/28,75,75,75,75,1,000,750
2011/06/29,73,74,73,73,4,000,730
2011/06/30,74,74,73,73,6,000,730
2015/08/24,109,110,99,102,391,000,1,020
2015/08/25,97,106,94,100,251,000,1,000
2015/08/26,101,107,101,107,77,000,1,070
2015/08/27,1,010,1,070,999,1,007,25,200,1,007
2015/08/28,1,028,1,050,1,026,1,045,13,800,1,045
2015/08/31,1,021,1,057,1,020,1,052,10,300,1,052
2015/09/01,1,040,1,040,1,001,1,008,10,100,1,008
2015/09/02,999,1,009,971,993,6,800,993
2015/09/03,996,997,977,977,8,800,977
2015/09/04,979,979,900,901,13,900,901
2015/09/07,904,913,892,899,7,500,899
2015/09/08,898,900,874,875,8,200,875
2015/09/09,895,935,895,931,6,300,931
2015/09/10,930,932,909,920,3,300,920
2015/09/11,913,937,913,937,900,937
2015/09/14,940,945,932,938,1,000,938
2015/09/15,933,938,933,936,500,936
2015/09/16,940,943,940,943,400,943
2015/09/17,943,950,943,950,1,600,950
2015/09/18,947,959,946,948,1,900,948
2015/09/24,945,945,920,933,3,600,933
2015/09/25,918,918,913,916,1,300,916
2015/09/28,911,911,907,907,1,300,907
2015/09/29,903,905,900,900,1,800,900
2015/09/30,893,902,893,895,800,895
2015/10/01,894,920,894,920,500,920
2015/10/02,905,918,900,918,1,500,918
2015/10/05,918,918,908,908,4,200,908
2015/10/06,900,903,892,903,7,300,903
2015/10/07,888,912,884,912,2,700,912
2015/10/08,900,912,900,911,2,000,911
2015/10/09,911,920,903,920,3,100,920
