2011/06/03,512,516,504,504,2,097,000,504
2011/06/06,505,507,498,498,1,843,000,498
2011/06/07,497,498,494,496,2,012,000,496
2011/06/08,496,497,488,490,1,997,000,490
2011/06/09,488,488,480,484,4,051,000,484
2011/06/10,485,494,484,487,4,676,000,487
2011/06/13,481,486,481,485,1,574,000,485
2011/06/14,483,491,482,487,2,777,000,487
2011/06/15,490,491,483,485,2,062,000,485
2011/06/16,486,492,486,488,3,420,000,488
2011/06/17,492,495,485,489,2,955,000,489
2011/06/20,489,496,488,493,1,394,000,493
2011/06/21,498,504,496,503,1,774,000,503
2011/06/22,510,527,509,524,4,425,000,524
2011/06/23,518,526,515,522,2,145,000,522
2011/06/24,528,535,524,530,1,582,000,530
2011/06/27,540,544,534,536,3,865,000,536
2011/06/28,546,558,545,547,5,356,000,547
2011/06/29,551,557,548,555,5,956,000,555
2011/06/30,554,555,547,553,2,756,000,553
2015/08/24,1,089,1,098,1,050,1,050,3,768,000,1,050
2015/08/25,1,015,1,071,995,1,019,4,161,000,1,019
2015/08/26,1,026,1,047,1,016,1,045,4,439,000,1,045
2015/08/27,1,060,1,068,1,043,1,049,2,227,000,1,049
2015/08/28,1,072,1,073,1,052,1,059,1,817,000,1,059
2015/08/31,1,055,1,055,1,037,1,050,2,318,000,1,050
2015/09/01,1,033,1,036,986,987,3,303,000,987
2015/09/02,980,1,004,972,978,2,517,000,978
2015/09/03,988,997,973,976,1,680,000,976
2015/09/04,979,980,939,941,2,779,000,941
2015/09/07,937,944,917,935,3,525,000,935
2015/09/08,941,945,908,911,2,474,000,911
2015/09/09,949,978,941,977,3,023,000,977
2015/09/10,954,962,941,949,2,382,000,949
2015/09/11,930,958,930,950,4,434,000,950
2015/09/14,944,967,940,947,1,982,000,947
2015/09/15,950,973,947,953,2,019,000,953
2015/09/16,961,965,937,945,1,598,000,945
2015/09/17,957,958,943,956,1,502,000,956
2015/09/18,943,950,931,932,1,931,000,932
2015/09/24,926,949,925,927,1,696,000,927
2015/09/25,921,936,913,935,3,270,000,935
