2011/06/03,1,211,1,213,1,167,1,173,1,984,400,1,173
2011/06/06,1,172,1,180,1,140,1,153,1,029,800,1,153
2011/06/07,1,146,1,200,1,138,1,192,1,977,300,1,192
2011/06/08,1,239,1,275,1,223,1,234,2,136,000,1,234
2011/06/09,1,221,1,221,1,198,1,217,1,320,700,1,217
2011/06/10,1,230,1,245,1,208,1,215,2,779,700,1,215
2011/06/13,1,186,1,194,1,178,1,191,703,800,1,191
2011/06/14,1,205,1,239,1,194,1,236,1,068,900,1,236
2011/06/15,1,237,1,243,1,222,1,236,943,200,1,236
2011/06/16,1,213,1,246,1,211,1,236,897,200,1,236
2011/06/17,1,236,1,246,1,209,1,214,962,400,1,214
2011/06/20,1,218,1,239,1,205,1,226,727,800,1,226
2011/06/21,1,243,1,250,1,233,1,250,687,300,1,250
2011/06/22,1,272,1,292,1,267,1,290,1,190,600,1,290
2011/06/23,1,281,1,301,1,276,1,278,836,100,1,278
2011/06/24,1,294,1,298,1,271,1,282,856,000,1,282
2011/06/27,1,276,1,296,1,263,1,282,918,800,1,282
2011/06/28,1,312,1,343,1,310,1,330,1,375,600,1,330
2011/06/29,1,346,1,348,1,326,1,341,766,000,1,341
2011/06/30,1,360,1,377,1,346,1,347,1,323,200,1,347
2015/08/24,2,387,2,418,2,294,2,297,1,427,200,2,297
2015/08/25,2,256,2,408,2,222,2,254,1,802,600,2,254
2015/08/26,2,238,2,351,2,235,2,324,1,103,300,2,324
2015/08/27,2,383,2,435,2,377,2,400,1,167,400,2,400
2015/08/28,2,452,2,472,2,428,2,456,1,176,400,2,456
2015/08/31,2,448,2,468,2,413,2,430,558,000,2,430
2015/09/01,2,410,2,426,2,363,2,364,999,700,2,364
2015/09/02,2,317,2,391,2,304,2,318,700,800,2,318
2015/09/03,2,335,2,370,2,276,2,290,783,500,2,290
2015/09/04,2,317,2,319,2,201,2,218,1,031,100,2,218
2015/09/07,2,216,2,266,2,191,2,230,690,300,2,230
2015/09/08,2,245,2,249,2,159,2,169,688,000,2,169
2015/09/09,2,243,2,338,2,222,2,338,1,051,100,2,338
2015/09/10,2,257,2,272,2,217,2,265,1,075,200,2,265
2015/09/11,2,264,2,305,2,248,2,290,2,267,700,2,290
2015/09/14,2,315,2,319,2,253,2,263,728,000,2,263
2015/09/15,2,292,2,306,2,214,2,228,744,200,2,228
2015/09/16,2,266,2,291,2,223,2,235,526,200,2,235
2015/09/17,2,272,2,275,2,239,2,269,587,300,2,269
2015/09/18,2,235,2,265,2,199,2,204,654,400,2,204
2015/09/24,2,173,2,215,2,150,2,171,701,400,2,171
2015/09/25,2,187,2,243,2,181,2,231,1,340,700,2,231
