2011/06/03,49,50,49,49,280,000,49
2011/06/06,49,49,47,47,474,000,47
2011/06/07,47,47,46,47,487,000,47
2011/06/08,47,48,47,47,83,000,47
2011/06/09,47,48,47,47,253,000,47
2011/06/10,48,52,47,47,2,394,000,47
2011/06/13,47,49,47,47,883,000,47
2011/06/14,48,49,47,49,414,000,49
2011/06/15,50,50,48,50,487,000,50
2011/06/16,49,50,48,49,186,000,49
2011/06/17,49,50,47,47,484,000,47
2011/06/20,48,49,47,48,237,000,48
2011/06/21,48,49,48,49,226,000,49
2011/06/22,49,50,49,50,324,000,50
2011/06/23,50,50,49,49,455,000,49
2011/06/24,49,50,49,50,45,000,50
2011/06/27,50,50,48,49,241,000,49
2011/06/28,50,50,49,49,56,000,49
2011/06/29,50,50,49,49,200,000,49
2011/06/30,50,50,49,50,105,000,50
2015/08/24,65,67,63,63,3,505,000,63
2015/08/25,60,65,59,62,2,465,000,62
2015/08/26,62,65,62,64,1,332,000,64
2015/08/27,65,66,64,64,1,224,000,64
2015/08/28,65,67,65,67,1,622,000,67
2015/08/31,67,68,66,67,940,000,67
2015/09/01,66,66,63,63,1,653,000,63
2015/09/02,62,65,62,64,1,605,000,64
2015/09/03,65,66,63,64,1,036,000,64
2015/09/04,64,64,62,62,1,006,000,62
2015/09/07,62,63,61,62,1,468,000,62
2015/09/08,62,62,60,60,2,046,000,60
2015/09/09,61,63,61,63,970,000,63
2015/09/10,62,64,61,63,1,424,000,63
2015/09/11,64,65,64,64,1,002,000,64
2015/09/14,64,66,64,65,802,000,65
2015/09/15,66,66,64,65,1,054,000,65
2015/09/16,65,66,63,63,1,643,000,63
2015/09/17,64,64,63,63,783,000,63
2015/09/18,63,64,63,63,615,000,63
2015/09/24,63,63,62,62,554,000,62
2015/09/25,63,64,62,64,473,000,64
2015/09/28,64,65,63,65,562,000,65
2015/09/29,64,65,63,63,671,000,63
2015/09/30,64,65,63,65,445,000,65
2015/10/01,65,65,64,64,867,000,64
2015/10/02,64,65,63,65,805,000,65
2015/10/05,65,67,65,67,1,433,000,67
2015/10/06,71,73,69,69,5,332,000,69
2015/10/07,70,70,68,69,1,054,000,69
2015/10/08,70,71,69,71,874,000,71
