2011/06/03,223,224,220,220,926,000,220
2011/06/06,220,220,216,218,1,283,000,218
2011/06/07,217,224,216,221,949,000,221
2011/06/08,221,225,220,223,1,161,000,223
2011/06/09,223,225,221,223,2,488,000,223
2011/06/10,226,228,222,223,1,990,000,223
2011/06/13,221,222,220,220,932,000,220
2011/06/14,220,229,220,227,1,355,000,227
2011/06/15,230,232,227,229,1,534,000,229
2011/06/16,225,229,224,228,1,912,000,228
2011/06/17,229,231,224,225,1,775,000,225
2011/06/20,230,237,229,235,1,941,000,235
2011/06/21,235,236,230,231,1,449,000,231
2011/06/22,233,238,233,237,992,000,237
2011/06/23,233,235,231,231,1,812,000,231
2011/06/24,231,234,229,233,870,000,233
2011/06/27,231,232,228,230,1,464,000,230
2011/06/28,234,236,232,235,932,000,235
2011/06/29,237,237,235,237,1,115,000,237
2011/06/30,238,238,233,237,2,133,000,237
2015/08/24,341,343,324,325,4,912,000,325
2015/08/25,309,325,306,310,4,989,000,310
2015/08/26,308,318,306,318,3,733,000,318
2015/08/27,325,329,320,321,2,716,000,321
2015/08/28,334,339,329,335,3,034,000,335
2015/08/31,333,337,327,337,2,424,000,337
2015/09/01,334,335,323,323,2,961,000,323
2015/09/02,319,330,315,318,3,442,000,318
2015/09/03,320,324,308,310,3,627,000,310
2015/09/04,314,316,305,309,3,182,000,309
2015/09/07,304,312,299,309,2,579,000,309
2015/09/08,310,316,307,309,2,086,000,309
2015/09/09,322,332,321,331,2,666,000,331
2015/09/10,321,328,318,327,2,359,000,327
2015/09/11,319,332,319,331,3,077,000,331
2015/09/14,334,335,327,331,1,514,000,331
2015/09/15,334,339,326,327,3,145,000,327
2015/09/16,329,337,326,334,3,116,000,334
2015/09/17,339,340,330,336,2,562,000,336
2015/09/18,333,333,322,325,2,674,000,325
2015/09/24,319,329,316,317,2,224,000,317
2015/09/25,320,333,318,333,2,710,000,333
2015/09/28,330,332,319,322,3,434,000,322
2015/09/29,316,316,306,308,3,508,000,308
2015/09/30,314,331,313,327,3,765,000,327
2015/10/01,328,335,322,332,2,499,000,332
2015/10/02,328,330,321,323,1,638,000,323
2015/10/05,325,326,320,323,1,912,000,323
2015/10/06,332,337,329,332,3,409,000,332
2015/10/07,335,349,334,346,3,842,000,346
