2011/06/03,318,320,315,315,1,230,000,315
2011/06/06,315,315,311,313,703,000,313
2011/06/07,311,314,308,313,747,000,313
2011/06/08,313,317,312,315,752,000,315
2011/06/09,314,314,311,314,1,167,000,314
2011/06/10,314,318,314,314,2,338,000,314
2011/06/13,311,314,310,312,447,000,312
2011/06/14,313,323,312,323,1,305,000,323
2011/06/15,324,324,320,322,933,000,322
2011/06/16,320,321,318,318,590,000,318
2011/06/17,319,319,313,314,977,000,314
2011/06/20,315,320,314,318,711,000,318
2011/06/21,320,321,317,321,505,000,321
2011/06/22,322,328,321,327,1,049,000,327
2011/06/23,325,330,324,325,1,181,000,325
2011/06/24,326,329,326,329,972,000,329
2011/06/27,326,327,322,326,1,066,000,326
2011/06/28,328,331,325,327,1,050,000,327
2011/06/29,330,334,330,334,1,102,000,334
2011/06/30,337,338,334,337,1,351,000,337
2015/08/24,653,660,632,632,4,587,000,632
2015/08/25,605,634,599,605,11,158,000,605
2015/08/26,605,628,603,626,3,655,000,626
2015/08/27,636,648,631,631,2,420,000,631
2015/08/28,653,662,645,660,1,937,000,660
2015/08/31,659,659,642,649,1,615,000,649
2015/09/01,645,649,634,634,1,901,000,634
2015/09/02,617,644,615,627,1,690,000,627
2015/09/03,630,638,620,621,1,378,000,621
2015/09/04,630,630,610,618,2,164,000,618
2015/09/07,611,626,604,621,1,372,000,621
2015/09/08,622,626,610,611,1,168,000,611
2015/09/09,632,648,628,648,1,966,000,648
2015/09/10,630,636,621,633,1,814,000,633
2015/09/11,623,643,623,642,2,551,000,642
2015/09/14,645,651,637,641,1,335,000,641
2015/09/15,648,659,638,639,1,729,000,639
2015/09/16,645,648,636,642,1,586,000,642
2015/09/17,646,646,627,634,1,886,000,634
2015/09/18,631,631,613,614,1,872,000,614
2015/09/24,609,624,605,605,2,189,000,605
2015/09/25,610,635,604,628,1,931,000,628
2015/09/28,626,636,620,627,1,262,000,627
2015/09/29,617,621,598,605,1,566,000,605
2015/09/30,615,631,615,628,2,300,000,628
2015/10/01,631,641,618,634,1,448,000,634
2015/10/02,624,625,613,619,2,254,000,619
2015/10/05,622,622,611,614,1,916,000,614
2015/10/06,623,624,616,618,1,971,000,618
2015/10/07,625,638,624,631,1,908,000,631
2015/10/08,629,629,616,618,1,358,000,618
2015/10/09,621,622,607,620,2,544,000,620
