2011/06/03,409,415,405,405,1,006,000,405
2011/06/06,405,407,400,402,982,000,402
2011/06/07,403,404,400,403,613,000,403
2011/06/08,403,411,403,404,937,000,404
2011/06/09,400,400,394,395,1,378,000,395
2011/06/10,396,404,396,397,1,992,000,397
2011/06/13,395,396,393,395,646,000,395
2011/06/14,395,407,395,406,1,045,000,406
2011/06/15,404,405,401,402,475,000,402
2011/06/16,403,404,396,398,519,000,398
2011/06/17,397,399,393,396,845,000,396
2011/06/20,398,405,398,402,654,000,402
2011/06/21,406,407,402,404,954,000,404
2011/06/22,404,413,404,411,755,000,411
2011/06/23,411,415,406,411,937,000,411
2011/06/24,409,412,407,412,493,000,412
2011/06/27,408,412,405,410,905,000,410
2011/06/28,414,417,410,413,734,000,413
2011/06/29,417,419,414,419,566,000,419
2011/06/30,422,426,418,424,1,315,000,424
2015/08/24,807,815,775,776,2,077,000,776
2015/08/25,740,788,740,755,2,920,000,755
2015/08/26,757,774,752,772,1,780,000,772
2015/08/27,785,812,780,788,1,630,000,788
2015/08/28,813,823,803,819,1,277,000,819
2015/08/31,814,818,801,811,1,360,000,811
2015/09/01,808,814,791,791,1,386,000,791
2015/09/02,776,805,770,783,1,680,000,783
2015/09/03,788,799,780,782,1,117,000,782
2015/09/04,794,797,772,778,2,072,000,778
2015/09/07,772,786,764,778,1,072,000,778
2015/09/08,778,793,775,777,1,170,000,777
2015/09/09,802,810,794,810,1,587,000,810
2015/09/10,786,790,773,780,1,992,000,780
2015/09/11,765,800,762,797,2,589,000,797
2015/09/14,799,804,789,799,975,000,799
2015/09/15,800,811,787,787,1,508,000,787
2015/09/16,794,798,778,780,1,567,000,780
2015/09/17,780,784,764,775,1,333,000,775
2015/09/18,768,772,748,751,2,358,000,751
2015/09/24,748,766,743,748,1,557,000,748
2015/09/25,749,768,740,767,1,858,000,767
2015/09/28,766,774,755,764,1,193,000,764
2015/09/29,754,754,728,735,1,389,000,735
2015/09/30,747,770,745,763,1,812,000,763
2015/10/01,773,775,751,766,1,112,000,766
2015/10/02,760,763,741,752,1,455,000,752
2015/10/05,754,758,746,750,694,000,750
2015/10/06,748,772,742,753,1,877,000,753
2015/10/07,761,778,761,775,1,203,000,775
