2011/06/03,440,442,431,432,819,000,432
2011/06/06,431,432,424,427,1,090,000,427
2011/06/07,428,431,425,429,629,000,429
2011/06/08,427,432,425,428,693,000,428
2011/06/09,423,424,415,419,1,009,000,419
2011/06/10,420,426,417,419,1,145,000,419
2011/06/13,412,418,409,415,724,000,415
2011/06/14,416,432,415,431,1,192,000,431
2011/06/15,430,430,422,423,569,000,423
2011/06/16,422,425,419,419,671,000,419
2011/06/17,419,419,411,415,606,000,415
2011/06/20,416,423,415,419,362,000,419
2011/06/21,419,423,417,423,527,000,423
2011/06/22,426,433,424,431,765,000,431
2011/06/23,427,433,426,429,782,000,429
2011/06/24,427,432,427,430,323,000,430
2011/06/27,427,430,422,428,558,000,428
2011/06/28,434,441,431,435,1,074,000,435
2011/06/29,441,445,437,442,974,000,442
2011/06/30,448,453,445,451,1,251,000,451
2015/08/24,865,866,820,820,1,374,000,820
2015/08/25,780,820,780,782,2,039,000,782
2015/08/26,780,804,780,803,1,203,000,803
2015/08/27,817,841,815,816,1,094,000,816
2015/08/28,846,862,832,856,1,080,000,856
2015/08/31,848,850,830,838,1,436,000,838
2015/09/01,839,844,816,816,1,072,000,816
2015/09/02,797,833,793,806,1,159,000,806
2015/09/03,813,823,798,800,849,000,800
2015/09/04,811,811,784,793,1,367,000,793
2015/09/07,788,804,775,796,1,034,000,796
2015/09/08,796,807,792,794,816,000,794
2015/09/09,816,838,814,838,1,173,000,838
2015/09/10,813,823,802,816,1,071,000,816
2015/09/11,802,833,797,832,1,551,000,832
2015/09/14,835,843,825,836,595,000,836
2015/09/15,841,856,831,835,705,000,835
2015/09/16,845,846,834,843,656,000,843
2015/09/17,851,854,825,839,770,000,839
2015/09/18,829,829,808,809,1,231,000,809
2015/09/24,840,866,832,832,2,304,000,832
2015/09/25,833,860,827,859,1,353,000,859
2015/09/28,845,860,837,843,1,222,000,843
2015/09/29,829,832,802,809,1,277,000,809
2015/09/30,824,852,823,845,1,836,000,845
2015/10/01,846,862,831,852,1,118,000,852
2015/10/02,852,853,830,844,1,127,000,844
2015/10/05,852,852,835,839,489,000,839
2015/10/06,850,856,838,841,1,047,000,841
2015/10/07,842,849,829,845,785,000,845
2015/10/08,844,844,830,830,691,000,830
2015/10/09,836,838,813,835,941,000,835
