2011/06/03,712,715,703,704,614,000,704
2011/06/06,705,705,692,694,869,000,694
2011/06/07,695,709,693,706,606,000,706
2011/06/08,703,708,700,705,676,000,705
2011/06/09,701,701,683,686,1,446,000,686
2011/06/10,692,699,690,692,1,554,000,692
2011/06/13,691,696,681,694,524,000,694
2011/06/14,695,710,692,707,1,140,000,707
2011/06/15,708,708,698,700,509,000,700
2011/06/16,699,707,695,697,429,000,697
2011/06/17,698,699,684,690,648,000,690
2011/06/20,695,705,695,699,477,000,699
2011/06/21,708,712,705,711,728,000,711
2011/06/22,717,726,716,723,631,000,723
2011/06/23,717,725,712,716,574,000,716
2011/06/24,714,722,714,720,407,000,720
2011/06/27,715,719,707,715,444,000,715
2011/06/28,720,724,713,719,466,000,719
2011/06/29,729,731,723,731,518,000,731
2011/06/30,737,744,733,739,803,000,739
2015/08/24,1,290,1,305,1,254,1,254,3,041,000,1,254
2015/08/25,1,176,1,262,1,175,1,214,3,423,000,1,214
2015/08/26,1,208,1,259,1,203,1,258,1,759,000,1,258
2015/08/27,1,288,1,310,1,278,1,282,1,389,000,1,282
2015/08/28,1,330,1,343,1,306,1,335,724,000,1,335
2015/08/31,1,327,1,327,1,302,1,317,1,014,000,1,317
2015/09/01,1,308,1,317,1,281,1,281,1,201,000,1,281
2015/09/02,1,251,1,309,1,242,1,271,1,356,000,1,271
2015/09/03,1,275,1,298,1,275,1,279,1,005,000,1,279
2015/09/04,1,266,1,286,1,236,1,254,1,854,000,1,254
2015/09/07,1,240,1,275,1,229,1,267,1,208,000,1,267
2015/09/08,1,269,1,274,1,238,1,240,1,319,000,1,240
2015/09/09,1,288,1,311,1,277,1,311,1,620,000,1,311
2015/09/10,1,281,1,287,1,258,1,280,1,141,000,1,280
2015/09/11,1,253,1,295,1,253,1,289,1,578,000,1,289
2015/09/14,1,300,1,302,1,280,1,286,676,000,1,286
2015/09/15,1,305,1,327,1,282,1,283,803,000,1,283
2015/09/16,1,300,1,309,1,278,1,295,760,000,1,295
2015/09/17,1,304,1,304,1,262,1,274,1,093,000,1,274
2015/09/18,1,258,1,258,1,213,1,218,1,869,000,1,218
2015/09/24,1,199,1,221,1,186,1,186,1,749,000,1,186
2015/09/25,1,192,1,234,1,186,1,233,1,377,000,1,233
2015/09/28,1,234,1,249,1,218,1,227,1,024,000,1,227
2015/09/29,1,206,1,208,1,161,1,168,1,897,000,1,168
2015/09/30,1,190,1,224,1,190,1,211,1,656,000,1,211
2015/10/01,1,222,1,244,1,190,1,225,1,135,000,1,225
2015/10/02,1,221,1,221,1,186,1,200,835,000,1,200
2015/10/05,1,213,1,217,1,192,1,203,937,000,1,203
2015/10/06,1,223,1,228,1,209,1,224,1,187,000,1,224
2015/10/07,1,225,1,238,1,216,1,236,772,000,1,236
2015/10/08,1,235,1,245,1,228,1,233,941,000,1,233
2015/10/09,1,245,1,251,1,214,1,248,1,557,000,1,248
