2011/06/03,428,433,421,421,237,000,421
2011/06/06,419,424,414,422,227,000,422
2011/06/07,423,428,422,428,153,000,428
2011/06/08,428,433,427,430,121,000,430
2011/06/09,430,433,424,430,169,000,430
2011/06/10,430,435,428,428,277,000,428
2011/06/13,425,429,423,427,70,000,427
2011/06/14,425,437,425,433,154,000,433
2011/06/15,433,434,429,433,110,000,433
2011/06/16,432,438,432,434,186,000,434
2011/06/17,435,435,423,427,390,000,427
2011/06/20,428,436,428,430,262,000,430
2011/06/21,431,432,428,432,88,000,432
2011/06/22,434,444,434,444,165,000,444
2011/06/23,439,445,436,443,126,000,443
2011/06/24,446,448,444,448,88,000,448
2011/06/27,449,452,444,447,156,000,447
2011/06/28,457,459,453,456,233,000,456
2011/06/29,459,461,456,461,180,000,461
2011/06/30,462,465,459,465,221,000,465
2015/08/24,697,703,666,666,486,000,666
2015/08/25,636,666,632,634,454,000,634
2015/08/26,633,656,633,654,292,000,654
2015/08/27,664,680,660,663,307,000,663
2015/08/28,683,696,675,692,214,000,692
2015/08/31,698,704,680,697,332,000,697
2015/09/01,696,696,674,677,328,000,677
2015/09/02,657,695,657,678,398,000,678
2015/09/03,679,686,669,670,231,000,670
2015/09/04,675,683,662,670,425,000,670
2015/09/07,660,684,646,670,426,000,670
2015/09/08,666,670,660,661,278,000,661
2015/09/09,689,717,683,714,476,000,714
2015/09/10,692,695,681,688,319,000,688
2015/09/11,678,725,678,720,822,000,720
2015/09/14,727,752,713,744,742,000,744
2015/09/15,751,777,747,766,697,000,766
2015/09/16,770,795,766,790,1,163,000,790
2015/09/17,795,805,778,795,1,020,000,795
2015/09/18,790,800,771,794,1,923,000,794
2015/09/24,807,930,807,870,7,140,000,870
2015/09/25,858,896,849,883,14,378,000,883
