2011/06/03,710,715,699,699,342,000,699
2011/06/06,695,695,683,687,429,000,687
2011/06/07,685,696,685,693,384,000,693
2011/06/08,689,697,688,693,240,000,693
2011/06/09,688,691,681,685,287,000,685
2011/06/10,686,701,686,694,610,000,694
2011/06/13,695,697,690,693,382,000,693
2011/06/14,694,717,694,714,398,000,714
2011/06/15,712,717,710,711,193,000,711
2011/06/16,703,708,702,704,224,000,704
2011/06/17,705,705,691,698,318,000,698
2011/06/20,703,723,703,721,627,000,721
2011/06/21,722,722,712,720,296,000,720
2011/06/22,724,740,724,738,296,000,738
2011/06/23,736,744,730,732,204,000,732
2011/06/24,744,745,732,736,333,000,736
2011/06/27,734,734,719,729,317,000,729
2011/06/28,730,740,728,734,296,000,734
2011/06/29,745,750,739,750,301,000,750
2011/06/30,753,755,743,749,546,000,749
2015/08/24,1,506,1,538,1,459,1,459,1,707,000,1,459
2015/08/25,1,435,1,480,1,420,1,424,1,910,000,1,424
2015/08/26,1,419,1,464,1,419,1,463,1,114,000,1,463
2015/08/27,1,477,1,496,1,453,1,461,973,000,1,461
2015/08/28,1,510,1,527,1,485,1,525,1,043,000,1,525
2015/08/31,1,514,1,525,1,480,1,498,852,000,1,498
2015/09/01,1,483,1,499,1,463,1,463,698,000,1,463
2015/09/02,1,449,1,488,1,440,1,455,960,000,1,455
2015/09/03,1,460,1,485,1,447,1,450,612,000,1,450
2015/09/04,1,455,1,465,1,425,1,446,1,016,000,1,446
2015/09/07,1,421,1,445,1,400,1,438,758,000,1,438
2015/09/08,1,428,1,441,1,392,1,399,1,138,000,1,399
2015/09/09,1,445,1,478,1,434,1,478,938,000,1,478
2015/09/10,1,437,1,458,1,430,1,452,832,000,1,452
2015/09/11,1,431,1,475,1,431,1,470,906,000,1,470
2015/09/14,1,479,1,482,1,465,1,466,660,000,1,466
2015/09/15,1,479,1,493,1,459,1,459,446,000,1,459
2015/09/16,1,467,1,487,1,452,1,468,558,000,1,468
2015/09/17,1,482,1,482,1,441,1,459,474,000,1,459
2015/09/18,1,459,1,459,1,417,1,423,1,083,000,1,423
2015/09/24,1,415,1,440,1,412,1,412,1,094,000,1,412
2015/09/25,1,412,1,465,1,411,1,463,769,000,1,463
2015/09/28,1,456,1,485,1,454,1,469,506,000,1,469
2015/09/29,1,448,1,448,1,404,1,421,723,000,1,421
2015/09/30,1,425,1,473,1,425,1,462,1,008,000,1,462
2015/10/01,1,475,1,488,1,449,1,479,430,000,1,479
2015/10/02,1,470,1,470,1,446,1,465,460,000,1,465
2015/10/05,1,473,1,476,1,451,1,454,447,000,1,454
2015/10/06,1,473,1,482,1,460,1,463,637,000,1,463
2015/10/07,1,467,1,478,1,452,1,473,492,000,1,473
2015/10/08,1,473,1,473,1,448,1,451,571,000,1,451
