2011/06/03,89,90,85,85,1,557,000,85
2011/06/06,84,85,82,83,1,049,000,83
2011/06/07,83,84,81,82,563,000,82
2011/06/08,83,84,82,82,506,000,82
2011/06/09,84,84,82,83,300,000,83
2011/06/10,84,88,83,86,1,317,000,86
2011/06/13,85,85,83,84,492,000,84
2011/06/14,84,89,84,89,858,000,89
2011/06/15,89,89,87,89,621,000,89
2011/06/16,88,88,86,86,377,000,86
2011/06/17,87,87,84,84,277,000,84
2011/06/20,84,85,83,84,250,000,84
2011/06/21,84,85,83,85,153,000,85
2011/06/22,85,87,84,87,389,000,87
2011/06/23,86,91,86,86,2,723,000,86
2011/06/24,87,87,86,87,502,000,87
2011/06/27,86,87,85,86,480,000,86
2011/06/28,87,88,85,86,524,000,86
2011/06/29,87,87,85,87,137,000,87
2011/06/30,87,91,86,89,2,072,000,89
2015/08/24,48,48,45,45,2,650,000,45
2015/08/25,39,46,39,41,3,549,000,41
2015/08/26,42,47,42,46,2,244,000,46
2015/08/27,48,50,47,48,1,212,000,48
2015/08/28,49,52,49,51,1,060,000,51
2015/08/31,51,52,50,50,697,000,50
2015/09/01,50,51,49,49,587,000,49
2015/09/02,48,49,45,48,779,000,48
2015/09/03,48,50,47,47,470,000,47
2015/09/04,48,48,45,45,570,000,45
2015/09/07,45,47,43,43,2,089,000,43
2015/09/08,44,45,43,44,402,000,44
2015/09/09,45,48,45,48,650,000,48
2015/09/10,46,47,46,46,292,000,46
2015/09/11,47,48,46,46,625,000,46
2015/09/14,47,47,44,44,652,000,44
2015/09/15,44,45,43,44,582,000,44
2015/09/16,45,45,44,44,212,000,44
2015/09/17,45,45,44,45,308,000,45
2015/09/18,43,44,43,43,407,000,43
2015/09/24,41,43,41,42,882,000,42
2015/09/25,41,43,41,43,977,000,43
2015/09/28,406,425,357,373,264,600,373
2015/09/29,360,361,350,351,157,400,351
2015/09/30,354,359,340,346,135,700,346
2015/10/01,346,360,345,357,74,100,357
2015/10/02,370,370,359,361,53,100,361
2015/10/05,364,366,359,360,59,300,360
2015/10/06,362,371,362,369,72,000,369
2015/10/07,370,449,370,440,781,500,440
2015/10/08,448,519,445,514,1,186,200,514
2015/10/09,554,579,485,521,1,368,800,521
