2011/06/03,1,026,1,038,1,004,1,008,548,800,1,008
2011/06/06,1,000,1,013,986,992,393,400,992
2011/06/07,989,1,013,985,1,012,347,100,1,012
2011/06/08,1,028,1,033,1,013,1,021,426,700,1,021
2011/06/09,1,011,1,015,1,001,1,013,362,500,1,013
2011/06/10,1,032,1,044,1,025,1,034,571,200,1,034
2011/06/13,1,017,1,018,1,003,1,003,317,800,1,003
2011/06/14,1,001,1,028,1,001,1,026,296,100,1,026
2011/06/15,1,026,1,031,1,017,1,030,244,000,1,030
2011/06/16,1,016,1,032,1,016,1,021,172,000,1,021
2011/06/17,1,021,1,023,1,004,1,011,291,900,1,011
2011/06/20,1,018,1,024,1,013,1,013,214,300,1,013
2011/06/21,1,011,1,038,1,011,1,038,377,800,1,038
2011/06/22,1,039,1,062,1,036,1,061,455,800,1,061
2011/06/23,1,045,1,066,1,044,1,048,414,000,1,048
2011/06/24,1,039,1,042,1,016,1,023,981,300,1,023
2011/06/27,1,032,1,074,1,027,1,046,1,744,800,1,046
2011/06/28,1,061,1,100,1,060,1,089,1,265,700,1,089
2011/06/29,1,079,1,096,1,075,1,088,591,200,1,088
2011/06/30,1,104,1,116,1,098,1,098,532,700,1,098
2015/08/24,2,743,2,748,2,544,2,550,2,108,100,2,550
2015/08/25,2,547,2,650,2,450,2,505,1,423,200,2,505
2015/08/26,2,528,2,684,2,517,2,649,1,296,000,2,649
2015/08/27,2,762,2,783,2,696,2,735,884,300,2,735
2015/08/28,2,813,2,822,2,686,2,703,1,270,600,2,703
2015/08/31,2,778,2,812,2,696,2,756,1,306,900,2,756
2015/09/01,2,742,2,763,2,654,2,655,1,030,200,2,655
2015/09/02,2,613,2,697,2,581,2,595,1,069,700,2,595
2015/09/03,2,600,2,600,2,488,2,504,1,497,700,2,504
2015/09/04,2,595,2,595,2,418,2,455,1,346,400,2,455
2015/09/07,2,434,2,470,2,401,2,430,740,100,2,430
2015/09/08,2,431,2,456,2,364,2,379,774,300,2,379
2015/09/09,2,460,2,568,2,446,2,568,624,900,2,568
2015/09/10,2,494,2,514,2,443,2,507,748,600,2,507
2015/09/11,2,582,2,648,2,577,2,639,1,490,100,2,639
2015/09/14,2,631,2,636,2,562,2,599,797,300,2,599
2015/09/15,2,618,2,641,2,550,2,553,817,900,2,553
2015/09/16,2,597,2,600,2,528,2,536,654,900,2,536
2015/09/17,2,551,2,634,2,542,2,622,1,250,800,2,622
2015/09/18,2,574,2,588,2,509,2,510,657,800,2,510
2015/09/24,2,509,2,515,2,466,2,466,927,500,2,466
2015/09/25,2,479,2,540,2,469,2,508,921,600,2,508
