2011/06/03,206,210,202,202,515,000,202
2011/06/06,201,203,198,199,369,000,199
2011/06/07,200,205,200,203,275,000,203
2011/06/08,203,206,203,205,222,000,205
2011/06/09,208,208,203,204,346,000,204
2011/06/10,207,207,201,203,408,000,203
2011/06/13,199,204,199,203,231,000,203
2011/06/14,206,206,202,202,409,000,202
2011/06/15,203,207,202,207,402,000,207
2011/06/16,206,213,205,209,552,000,209
2011/06/17,209,218,207,218,862,000,218
2011/06/20,218,218,212,214,253,000,214
2011/06/21,216,216,210,214,311,000,214
2011/06/22,216,218,214,218,340,000,218
2011/06/23,215,221,215,219,386,000,219
2011/06/24,219,222,218,220,554,000,220
2011/06/27,222,225,220,224,477,000,224
2011/06/28,240,245,227,229,2,522,000,229
2011/06/29,234,234,226,227,649,000,227
2011/06/30,229,235,227,233,737,000,233
2015/08/24,474,485,464,465,1,516,000,465
2015/08/25,447,479,438,452,1,538,000,452
2015/08/26,460,475,455,474,1,140,000,474
2015/08/27,486,486,471,479,972,000,479
2015/08/28,494,498,486,496,860,000,496
2015/08/31,491,491,485,490,443,000,490
2015/09/01,487,487,470,470,602,000,470
2015/09/02,457,474,454,460,614,000,460
2015/09/03,468,472,458,459,477,000,459
2015/09/04,463,463,450,457,752,000,457
2015/09/07,449,454,439,449,664,000,449
2015/09/08,452,454,443,444,477,000,444
2015/09/09,460,474,456,474,573,000,474
2015/09/10,465,470,457,466,645,000,466
2015/09/11,461,485,461,477,855,000,477
2015/09/14,488,490,474,481,753,000,481
2015/09/15,484,486,470,470,446,000,470
2015/09/16,477,477,464,466,489,000,466
2015/09/17,474,483,470,482,625,000,482
2015/09/18,474,478,468,472,530,000,472
2015/09/24,461,462,454,454,512,000,454
2015/09/25,459,469,456,469,875,000,469
2015/09/28,469,477,459,474,540,000,474
2015/09/29,460,461,433,435,1,363,000,435
2015/09/30,446,452,441,449,725,000,449
2015/10/01,452,461,447,448,1,249,000,448
2015/10/02,448,448,433,436,1,128,000,436
2015/10/05,441,445,436,443,1,619,000,443
2015/10/06,458,473,456,467,2,190,000,467
2015/10/07,465,490,465,487,1,132,000,487
2015/10/08,489,502,484,498,1,360,000,498
