2011/06/03,2,289,2,289,2,275,2,286,852,2,286
2011/06/06,2,240,2,240,2,200,2,219,6,341,2,219
2011/06/07,2,151,2,186,2,145,2,185,6,422,2,185
2011/06/08,2,186,2,197,2,184,2,197,1,859,2,197
2011/06/09,2,200,2,200,2,180,2,198,882,2,198
2011/06/10,2,250,2,278,2,250,2,270,3,256,2,270
2011/06/13,2,340,2,350,2,330,2,340,6,624,2,340
2011/06/14,2,350,2,371,2,338,2,367,8,465,2,367
2011/06/15,2,343,2,343,2,315,2,327,1,954,2,327
2011/06/16,2,275,2,280,2,251,2,280,2,047,2,280
2011/06/17,2,221,2,279,2,221,2,270,3,939,2,270
2011/06/20,2,275,2,289,2,250,2,280,2,164,2,280
2011/06/21,2,242,2,275,2,242,2,269,4,493,2,269
2011/06/22,2,329,2,336,2,301,2,330,1,809,2,330
2011/06/23,2,328,2,328,2,310,2,311,1,597,2,311
2011/06/24,2,311,2,333,2,296,2,332,1,103,2,332
2011/06/27,2,295,2,315,2,290,2,307,1,259,2,307
2011/06/28,2,324,2,340,2,308,2,339,2,047,2,339
2011/06/29,2,333,2,344,2,325,2,342,1,027,2,342
2011/06/30,2,360,2,387,2,346,2,368,2,263,2,368
2015/08/24,7,160,7,200,7,010,7,200,3,732,7,200
2015/08/25,6,700,7,190,6,700,6,800,3,544,6,800
2015/08/26,6,710,7,000,6,690,6,980,1,242,6,980
2015/08/27,7,180,7,200,7,070,7,190,1,197,7,190
2015/08/28,7,480,7,480,7,270,7,420,1,596,7,420
2015/08/31,7,380,7,380,7,060,7,300,1,069,7,300
2015/09/01,7,160,7,200,7,060,7,160,979,7,160
2015/09/02,7,150,7,180,7,040,7,180,613,7,180
2015/09/03,7,110,7,220,7,110,7,150,209,7,150
2015/09/04,7,150,7,190,7,020,7,020,314,7,020
2015/09/07,6,900,6,970,6,800,6,910,1,867,6,910
2015/09/08,6,930,7,010,6,930,6,980,112,6,980
2015/09/09,7,140,7,200,7,110,7,170,433,7,170
2015/09/10,6,940,7,070,6,940,7,020,59,7,020
2015/09/11,7,120,7,120,6,990,7,120,21,7,120
2015/09/14,7,270,7,270,7,060,7,060,19,7,060
2015/09/15,7,030,7,030,6,940,6,940,261,6,940
2015/09/16,7,010,7,070,7,000,7,030,254,7,030
2015/09/17,7,100,7,100,7,030,7,030,10,7,030
2015/09/18,7,060,7,090,6,980,7,090,24,7,090
2015/09/24,6,840,6,930,6,830,6,910,1,292,6,910
2015/09/25,6,780,6,900,6,780,6,900,112,6,900
