2011/05/31,4,000,4,000,3,900,3,900,250,3,900
2011/06/01,3,970,3,970,3,970,3,970,600,3,970
2011/06/02,3,900,3,900,3,815,3,850,1,100,3,850
2011/06/03,3,875,3,875,3,875,3,875,50,3,875
2011/06/06,3,945,3,945,3,705,3,810,550,3,810
2011/06/07,3,810,3,810,3,750,3,775,1,450,3,775
2011/06/08,3,750,3,750,3,700,3,750,500,3,750
2011/06/09,3,545,3,615,3,545,3,610,7,650,3,610
2011/06/10,3,660,3,660,3,645,3,645,2,300,3,645
2011/06/13,3,685,3,685,3,665,3,665,100,3,665
2011/06/14,3,595,3,665,3,595,3,665,750,3,665
2011/06/15,3,705,3,780,3,705,3,780,1,000,3,780
2011/06/16,3,690,3,690,3,685,3,685,200,3,685
2011/06/20,3,600,3,600,3,600,3,600,450,3,600
2011/06/22,3,740,3,740,3,630,3,630,15,250,3,630
2011/06/24,3,695,3,695,3,675,3,675,73,700,3,675
2011/06/27,3,615,3,615,3,610,3,610,650,3,610
2011/06/28,3,615,3,615,3,600,3,605,2,250,3,605
2011/06/29,3,700,3,700,3,630,3,630,100,3,630
2011/06/30,3,700,3,700,3,675,3,675,100,3,675
2015/08/13,7,940,7,970,7,940,7,970,250,7,970
2015/08/14,8,000,8,020,7,900,7,900,8,350,7,900
2015/08/17,8,020,8,020,8,010,8,010,100,8,010
2015/08/18,7,960,8,000,7,960,8,000,1,750,8,000
2015/08/20,7,880,7,880,7,740,7,740,200,7,740
2015/08/21,7,600,7,600,7,510,7,510,100,7,510
2015/08/24,7,200,7,200,6,980,6,980,500,6,980
2015/08/25,6,750,6,960,6,750,6,920,10,750,6,920
2015/08/26,6,820,6,910,6,570,6,860,2,300,6,860
2015/08/27,6,910,6,910,6,860,6,910,2,400,6,910
2015/08/28,7,150,7,150,7,070,7,070,250,7,070
2015/08/31,7,100,7,100,7,100,7,100,1,000,7,100
2015/09/03,7,000,7,000,7,000,7,000,200,7,000
2015/09/04,6,840,6,840,6,840,6,840,100,6,840
2015/09/07,6,780,6,800,6,780,6,800,150,6,800
2015/09/10,6,710,6,780,6,710,6,780,900,6,780
2015/09/11,6,910,6,910,6,910,6,910,450,6,910
2015/09/14,6,910,6,910,6,910,6,910,450,6,910
2015/09/16,7,010,7,110,6,990,6,990,800,6,990
2015/09/18,7,040,7,040,6,890,6,910,1,100,6,910
2015/09/24,6,910,6,910,6,780,6,900,800,6,900
2015/09/25,6,920,6,920,6,900,6,900,9,600,6,900
