2011/06/03,28,300,28,800,28,300,28,300,12,283
2011/06/06,28,300,28,400,28,000,28,000,16,280
2011/06/07,28,000,28,000,28,000,28,000,5,280
2011/06/08,27,500,28,000,27,500,28,000,11,280
2011/06/09,27,500,28,300,27,500,27,700,10,277
2011/06/10,27,300,28,000,27,300,28,000,18,280
2011/06/13,29,000,30,700,27,510,30,700,33,307
2011/06/14,30,500,30,850,29,900,29,900,78,299
2011/06/16,30,000,30,500,29,520,30,500,77,305
2011/06/17,29,700,30,300,29,700,30,300,17,303
2011/06/21,30,400,31,000,30,000,31,000,28,310
2011/06/22,31,450,32,300,31,200,32,300,133,323
2011/06/27,32,300,32,800,32,000,32,800,57,328
2011/06/28,32,100,32,250,31,300,31,500,98,315
2011/06/29,31,300,32,000,31,300,32,000,15,320
2011/06/30,32,450,32,500,32,450,32,500,38,325
2015/08/24,1,062,1,062,1,030,1,030,9,600,1,030
2015/08/25,998,1,001,910,990,23,300,990
2015/08/26,1,035,1,035,1,001,1,007,1,500,1,007
2015/08/27,1,060,1,060,1,015,1,052,3,200,1,052
2015/08/28,1,052,1,090,1,052,1,075,3,900,1,075
2015/08/31,1,075,1,085,1,056,1,085,900,1,085
2015/09/01,1,060,1,061,1,021,1,026,3,700,1,026
2015/09/02,1,024,1,060,1,020,1,030,2,300,1,030
2015/09/03,1,060,1,060,1,036,1,052,1,000,1,052
2015/09/04,1,052,1,058,1,031,1,045,2,300,1,045
2015/09/07,1,046,1,046,1,031,1,043,800,1,043
2015/09/08,1,030,1,040,1,025,1,040,600,1,040
2015/09/09,1,043,1,053,1,030,1,049,5,400,1,049
2015/09/10,1,048,1,048,1,026,1,046,1,900,1,046
2015/09/11,1,040,1,280,1,040,1,233,121,500,1,233
2015/09/14,1,248,1,265,1,200,1,225,57,500,1,225
2015/09/15,1,211,1,232,1,210,1,215,19,200,1,215
2015/09/16,1,233,1,249,1,225,1,235,17,600,1,235
2015/09/17,1,245,1,280,1,245,1,265,15,100,1,265
2015/09/18,1,275,1,290,1,268,1,281,22,400,1,281
2015/09/24,1,281,1,285,1,261,1,273,11,700,1,273
2015/09/25,1,254,1,268,1,216,1,241,35,500,1,241
