2011/06/03,3,240,3,260,3,215,3,225,2,427,3,225
2011/06/06,3,225,3,225,3,165,3,170,5,241,3,170
2011/06/07,3,045,3,100,3,015,3,065,16,050,3,065
2011/06/08,3,000,3,020,2,996,3,000,12,326,3,000
2011/06/09,2,930,2,972,2,920,2,940,27,118,2,940
2011/06/10,3,020,3,035,3,005,3,010,6,760,3,010
2011/06/13,3,020,3,050,3,020,3,040,10,942,3,040
2011/06/14,3,075,3,160,3,075,3,155,10,886,3,155
2011/06/15,3,110,3,130,3,085,3,085,10,990,3,085
2011/06/16,3,025,3,070,3,010,3,035,7,328,3,035
2011/06/17,3,050,3,050,3,010,3,020,1,013,3,020
2011/06/20,3,050,3,070,3,025,3,040,1,425,3,040
2011/06/21,3,040,3,075,3,030,3,050,4,576,3,050
2011/06/22,3,120,3,145,3,120,3,130,7,745,3,130
2011/06/23,3,150,3,170,3,140,3,160,5,050,3,160
2011/06/24,3,160,3,180,3,150,3,160,10,193,3,160
2011/06/27,3,180,3,185,3,155,3,175,7,083,3,175
2011/06/28,3,225,3,240,3,200,3,205,9,185,3,205
2011/06/29,3,250,3,250,3,200,3,235,9,298,3,235
2011/06/30,3,300,3,345,3,290,3,335,9,403,3,335
2015/08/24,6,450,6,520,6,260,6,370,5,246,6,370
2015/08/25,5,980,6,330,5,930,6,100,3,689,6,100
2015/08/26,6,000,6,230,5,940,6,230,4,908,6,230
2015/08/27,6,500,6,510,6,210,6,300,657,6,300
2015/08/28,6,400,6,550,6,400,6,440,1,244,6,440
2015/08/31,6,340,6,350,6,320,6,330,322,6,330
2015/09/01,6,340,6,370,6,250,6,310,2,243,6,310
2015/09/02,6,050,6,250,5,950,6,120,346,6,120
2015/09/03,6,200,6,250,6,190,6,250,1,309,6,250
2015/09/04,6,240,6,240,6,120,6,120,51,6,120
2015/09/07,6,030,6,100,5,920,5,930,944,5,930
2015/09/08,6,040,6,130,6,040,6,040,749,6,040
2015/09/09,6,240,6,280,6,200,6,280,371,6,280
2015/09/10,6,190,6,190,6,050,6,130,2,922,6,130
2015/09/11,6,110,6,160,6,110,6,130,1,321,6,130
2015/09/14,6,110,6,190,6,090,6,120,1,264,6,120
2015/09/15,6,120,6,150,6,100,6,110,783,6,110
2015/09/16,6,300,6,300,6,180,6,220,1,346,6,220
2015/09/17,6,280,6,350,6,270,6,280,488,6,280
2015/09/18,6,240,6,240,6,120,6,140,384,6,140
2015/09/24,6,060,6,070,5,930,6,000,578,6,000
2015/09/25,5,950,5,970,5,860,5,940,123,5,940
2015/09/28,6,000,6,070,5,990,6,060,1,918,6,060
2015/09/29,5,900,5,900,5,830,5,860,814,5,860
2015/09/30,5,920,5,950,5,860,5,950,550,5,950
2015/10/01,5,950,6,010,5,940,6,000,195,6,000
2015/10/02,5,900,6,020,5,900,6,000,651,6,000
2015/10/05,6,100,6,100,5,950,5,970,271,5,970
2015/10/06,6,100,6,150,6,100,6,110,1,906,6,110
2015/10/07,6,090,6,120,6,090,6,120,231,6,120
