2011/06/03,181,184,170,174,81,200,174
2011/06/06,174,177,171,173,42,100,173
2011/06/07,170,177,170,175,32,400,175
2011/06/08,174,178,174,175,18,800,175
2011/06/09,173,175,169,171,38,000,171
2011/06/10,166,178,166,168,169,800,168
2011/06/13,164,170,164,168,26,000,168
2011/06/14,168,173,167,171,15,800,171
2011/06/15,177,177,159,169,74,700,169
2011/06/16,165,168,163,163,48,700,163
2011/06/17,163,163,159,159,89,800,159
2011/06/20,160,163,160,160,35,400,160
2011/06/21,164,173,163,173,81,000,173
2011/06/22,183,195,183,187,596,400,187
2011/06/23,185,189,184,189,138,100,189
2011/06/24,199,200,189,195,255,000,195
2011/06/27,195,195,185,187,85,300,187
2011/06/28,192,192,185,189,49,700,189
2011/06/29,193,194,191,194,40,900,194
2011/06/30,195,199,190,199,70,200,199
2015/08/24,244,247,229,232,1,964,900,232
2015/08/25,220,234,210,219,2,102,600,219
2015/08/26,225,229,221,228,1,021,000,228
2015/08/27,235,237,228,230,895,400,230
2015/08/28,237,241,235,240,812,300,240
2015/08/31,238,239,234,236,970,400,236
2015/09/01,237,239,229,230,1,079,200,230
2015/09/02,227,238,223,232,1,153,900,232
2015/09/03,234,237,231,232,804,400,232
2015/09/04,233,234,224,227,582,300,227
2015/09/07,226,236,223,232,1,006,000,232
2015/09/08,233,234,226,226,547,700,226
2015/09/09,237,240,233,238,1,299,100,238
2015/09/10,234,237,229,235,815,900,235
2015/09/11,242,248,239,247,1,348,600,247
2015/09/14,249,250,242,243,452,500,243
2015/09/15,245,248,242,243,340,100,243
2015/09/16,246,246,242,245,252,500,245
2015/09/17,245,247,242,247,441,400,247
2015/09/18,244,245,239,245,544,200,245
2015/09/24,243,246,238,240,667,400,240
2015/09/25,239,244,234,239,945,400,239
2015/09/28,241,244,237,241,566,600,241
2015/09/29,237,239,229,233,1,460,600,233
2015/09/30,237,240,234,239,793,000,239
2015/10/01,242,245,238,243,574,800,243
2015/10/02,246,246,240,243,309,100,243
2015/10/05,244,245,241,244,324,600,244
2015/10/06,246,247,243,245,315,700,245
2015/10/07,244,246,243,244,479,100,244
2015/10/08,243,244,236,237,988,600,237
