2011/05/12,906,906,906,906,10,906
2011/05/16,850,850,850,850,150,850
2011/05/19,850,850,850,850,10,850
2011/05/20,850,870,850,870,100,870
2011/05/24,880,900,880,900,300,900
2011/05/30,870,870,870,870,60,870
2011/05/31,866,870,865,870,150,870
2011/06/02,883,885,883,885,40,885
2011/06/03,900,900,900,900,30,900
2011/06/08,900,900,853,853,60,853
2011/06/13,900,900,900,900,210,900
2011/06/14,840,840,840,840,20,840
2011/06/15,909,909,909,909,80,909
2011/06/16,909,909,909,909,80,909
2011/06/17,910,910,910,910,10,910
2011/06/20,851,851,851,851,10,851
2011/06/22,865,870,865,870,70,870
2011/06/23,870,870,870,870,80,870
2011/06/28,914,915,914,915,50,915
2011/06/29,872,872,872,872,10,872
2015/08/24,5,800,5,800,5,200,5,450,6,440,5,450
2015/08/25,4,880,5,480,4,755,5,120,5,420,5,120
2015/08/26,5,070,5,350,5,070,5,220,2,530,5,220
2015/08/27,5,220,5,310,5,200,5,270,1,750,5,270
2015/08/28,5,300,5,550,5,300,5,550,1,870,5,550
2015/08/31,5,510,5,650,5,420,5,650,2,380,5,650
2015/09/01,5,600,5,600,5,390,5,410,3,280,5,410
2015/09/02,5,210,5,400,5,170,5,370,1,750,5,370
2015/09/03,5,400,5,410,5,360,5,360,270,5,360
2015/09/04,5,360,5,360,4,990,5,130,5,820,5,130
2015/09/07,5,000,5,100,4,910,5,000,950,5,000
2015/09/08,4,950,5,000,4,750,4,775,5,020,4,775
2015/09/09,4,985,5,430,4,970,5,430,2,580,5,430
2015/09/10,5,380,5,380,5,140,5,380,1,410,5,380
2015/09/11,5,240,5,380,5,150,5,380,430,5,380
2015/09/14,5,390,5,390,5,050,5,100,2,500,5,100
2015/09/15,5,050,5,180,5,020,5,050,1,300,5,050
2015/09/16,5,050,5,100,5,040,5,050,1,950,5,050
2015/09/17,5,070,5,140,5,070,5,140,360,5,140
2015/09/18,5,140,5,170,5,070,5,170,190,5,170
2015/09/24,5,130,5,140,5,050,5,130,200,5,130
2015/09/25,5,060,5,150,5,060,5,150,150,5,150
2015/09/28,5,050,5,170,5,050,5,170,450,5,170
2015/09/29,5,080,5,290,5,020,5,060,3,370,5,060
2015/09/30,5,060,5,130,5,040,5,130,400,5,130
2015/10/01,5,050,5,150,5,050,5,090,840,5,090
2015/10/02,5,070,5,120,5,060,5,120,880,5,120
2015/10/05,5,200,5,230,5,150,5,170,340,5,170
2015/10/06,5,290,5,290,5,130,5,190,780,5,190
2015/10/07,5,140,5,200,5,120,5,200,760,5,200
2015/10/08,5,200,5,200,5,080,5,170,490,5,170
2015/10/09,5,080,5,160,5,060,5,160,580,5,160
