2011/06/03,1,473,1,495,1,426,1,434,681,400,1,434
2011/06/06,1,415,1,433,1,408,1,419,920,800,1,419
2011/06/07,1,439,1,445,1,423,1,439,992,400,1,439
2011/06/08,1,425,1,438,1,405,1,418,735,600,1,418
2011/06/09,1,408,1,410,1,377,1,388,1,377,100,1,388
2011/06/10,1,375,1,399,1,356,1,382,1,760,400,1,382
2011/06/13,1,381,1,409,1,366,1,392,856,100,1,392
2011/06/14,1,393,1,410,1,376,1,396,494,100,1,396
2011/06/15,1,409,1,417,1,396,1,401,958,700,1,401
2011/06/16,1,374,1,408,1,372,1,394,588,400,1,394
2011/06/17,1,413,1,413,1,377,1,393,1,430,400,1,393
2011/06/20,1,384,1,403,1,376,1,401,843,700,1,401
2011/06/21,1,402,1,404,1,382,1,388,709,700,1,388
2011/06/22,1,385,1,438,1,385,1,425,818,500,1,425
2011/06/23,1,410,1,419,1,401,1,405,517,400,1,405
2011/06/24,1,403,1,417,1,387,1,407,673,800,1,407
2011/06/27,1,395,1,395,1,377,1,383,1,044,000,1,383
2011/06/28,1,403,1,432,1,401,1,429,1,012,200,1,429
2011/06/29,1,463,1,469,1,444,1,455,964,200,1,455
2011/06/30,1,479,1,479,1,443,1,449,814,000,1,449
2015/08/24,2,202,2,244,2,163,2,164,1,966,300,2,164
2015/08/25,2,080,2,205,2,059,2,087,2,403,100,2,087
2015/08/26,2,070,2,177,2,068,2,169,1,811,100,2,169
2015/08/27,2,191,2,243,2,168,2,200,1,475,000,2,200
2015/08/28,2,250,2,270,2,226,2,269,1,762,900,2,269
2015/08/31,2,252,2,276,2,228,2,274,1,460,600,2,274
2015/09/01,2,249,2,288,2,218,2,226,1,884,300,2,226
2015/09/02,2,182,2,226,2,160,2,188,1,345,200,2,188
2015/09/03,2,224,2,250,2,202,2,205,686,800,2,205
2015/09/04,2,206,2,217,2,138,2,158,1,248,300,2,158
2015/09/07,2,155,2,174,2,123,2,147,948,700,2,147
2015/09/08,2,139,2,156,2,081,2,097,1,317,000,2,097
2015/09/09,2,163,2,224,2,120,2,224,1,775,500,2,224
2015/09/10,2,152,2,173,2,124,2,162,1,423,100,2,162
2015/09/11,2,125,2,151,2,112,2,139,1,355,600,2,139
2015/09/14,2,138,2,143,2,085,2,093,1,244,000,2,093
2015/09/15,2,112,2,157,2,098,2,100,764,400,2,100
2015/09/16,2,119,2,119,2,062,2,075,954,700,2,075
2015/09/17,2,094,2,097,2,044,2,081,1,433,300,2,081
2015/09/18,2,052,2,052,1,990,2,014,1,592,900,2,014
2015/09/24,1,994,2,035,1,982,2,020,1,364,200,2,020
2015/09/25,2,017,2,041,1,970,2,038,1,227,100,2,038
2015/09/28,2,038,2,048,1,989,2,005,953,000,2,005
2015/09/29,1,965,1,981,1,906,1,915,1,520,800,1,915
2015/09/30,1,943,1,983,1,943,1,958,1,401,800,1,958
2015/10/01,1,966,2,011,1,941,1,994,801,400,1,994
2015/10/02,1,982,1,998,1,964,1,985,579,700,1,985
2015/10/05,2,030,2,039,1,996,2,028,847,600,2,028
2015/10/06,2,064,2,077,2,036,2,041,999,000,2,041
2015/10/07,2,034,2,081,2,032,2,073,679,600,2,073
2015/10/08,2,075,2,120,2,073,2,106,1,252,400,2,106
