2011/06/03,119,500,119,500,115,300,115,600,37,954,1,156
2011/06/06,114,500,114,900,111,000,111,400,49,820,1,114
2011/06/07,112,000,113,200,111,600,112,600,33,608,1,126
2011/06/08,112,500,112,800,109,800,112,000,44,009,1,120
2011/06/09,111,800,112,500,109,300,111,600,33,863,1,116
2011/06/10,113,600,114,400,112,300,113,300,41,407,1,133
2011/06/13,110,300,111,900,110,100,111,200,23,145,1,112
2011/06/14,111,900,116,000,111,400,115,700,44,404,1,157
2011/06/15,117,500,118,900,113,500,113,500,36,161,1,135
2011/06/16,111,400,113,100,110,700,111,600,38,268,1,116
2011/06/17,111,900,112,400,109,800,111,000,35,626,1,110
2011/06/20,110,500,111,400,110,200,110,800,25,674,1,108
2011/06/21,111,200,111,800,109,600,110,100,31,383,1,101
2011/06/22,111,400,114,400,111,300,113,300,34,571,1,133
2011/06/23,112,500,112,900,111,300,111,400,26,840,1,114
2011/06/24,112,400,113,100,111,200,112,500,34,054,1,125
2011/06/27,112,500,112,500,110,200,110,900,24,613,1,109
2011/06/28,111,900,112,800,110,700,111,200,25,869,1,112
2011/06/29,112,700,115,700,112,100,114,500,57,220,1,145
2011/06/30,116,100,118,900,112,100,112,300,67,134,1,123
2015/08/25,1,950,2,130,1,950,2,044,14,801,000,2,044
2015/08/27,2,174,2,219,2,152,2,186,8,814,200,2,186
2015/09/01,2,190,2,196,2,128,2,128,5,176,100,2,128
2015/09/14,2,038,2,038,1,971,1,983,4,166,200,1,983
2015/09/16,2,000,2,015,1,962,1,978,3,562,000,1,978
