2011/06/03,168,170,168,168,806,000,840
2011/06/06,168,168,165,165,559,000,825
2011/06/07,164,165,164,164,414,500,820
2011/06/08,164,165,163,163,449,000,815
2011/06/09,163,164,162,162,837,500,810
2011/06/10,164,168,162,166,2,299,000,830
2011/06/13,164,166,164,164,352,000,820
2011/06/14,165,169,165,168,474,000,840
2011/06/15,170,170,167,168,353,000,840
2011/06/16,168,168,165,165,327,000,825
2011/06/17,166,167,164,165,533,000,825
2011/06/20,166,166,164,165,265,000,825
2011/06/21,166,166,164,164,291,500,820
2011/06/22,166,169,166,169,439,500,845
2011/06/23,167,171,167,171,380,500,855
2011/06/24,172,172,168,169,515,000,845
2011/06/27,169,171,169,171,216,000,855
2011/06/28,172,172,171,172,244,000,860
2011/06/29,173,173,171,173,472,500,865
2011/06/30,172,175,172,174,553,500,870
2015/08/24,1,590,1,597,1,510,1,523,351,200,1,523
2015/08/25,1,489,1,535,1,435,1,465,409,200,1,465
2015/08/26,1,470,1,497,1,451,1,487,304,800,1,487
2015/08/27,1,515,1,527,1,498,1,507,175,200,1,507
2015/08/28,1,541,1,554,1,512,1,537,185,300,1,537
2015/08/31,1,528,1,554,1,516,1,546,213,800,1,546
2015/09/01,1,545,1,572,1,498,1,498,235,200,1,498
2015/09/02,1,471,1,507,1,446,1,457,306,800,1,457
2015/09/03,1,486,1,514,1,446,1,454,214,400,1,454
2015/09/04,1,457,1,460,1,401,1,421,334,200,1,421
2015/09/07,1,279,1,282,1,194,1,224,2,095,600,1,224
2015/09/08,1,254,1,262,1,212,1,222,865,000,1,222
2015/09/09,1,277,1,277,1,228,1,272,733,000,1,272
2015/09/10,1,239,1,277,1,236,1,266,563,200,1,266
2015/09/11,1,250,1,312,1,250,1,301,947,800,1,301
2015/09/14,1,300,1,323,1,277,1,282,517,400,1,282
2015/09/15,1,281,1,304,1,236,1,241,999,800,1,241
2015/09/16,1,246,1,255,1,205,1,214,768,900,1,214
2015/09/17,1,223,1,262,1,223,1,260,812,700,1,260
2015/09/18,1,260,1,274,1,244,1,269,687,200,1,269
2015/09/24,1,250,1,284,1,247,1,254,711,100,1,254
2015/09/25,1,246,1,294,1,246,1,294,977,500,1,294
2015/09/28,1,289,1,319,1,275,1,297,635,100,1,297
2015/09/29,1,275,1,286,1,226,1,232,1,052,700,1,232
2015/09/30,1,228,1,290,1,226,1,278,6,111,100,1,278
2015/10/01,1,308,1,385,1,281,1,350,1,963,400,1,350
2015/10/02,1,333,1,344,1,316,1,333,658,900,1,333
2015/10/05,1,350,1,364,1,330,1,357,456,200,1,357
2015/10/06,1,372,1,383,1,335,1,343,559,700,1,343
2015/10/07,1,351,1,360,1,317,1,339,663,300,1,339
2015/10/08,1,345,1,364,1,326,1,362,552,100,1,362
