2011/05/30,371,371,370,370,300,370
2011/05/31,373,373,373,373,100,373
2011/06/01,377,377,377,377,300,377
2011/06/02,361,368,361,368,6,200,368
2011/06/03,366,366,366,366,800,366
2011/06/06,358,359,358,359,4,700,359
2011/06/07,359,359,359,359,300,359
2011/06/08,362,362,362,362,100,362
2011/06/10,356,360,356,358,28,400,358
2011/06/13,355,355,355,355,100,355
2011/06/15,363,363,363,363,100,363
2011/06/20,353,353,353,353,1,300,353
2011/06/21,353,354,353,354,1,800,354
2011/06/22,360,363,352,363,10,600,363
2011/06/23,369,369,356,356,900,356
2011/06/24,359,359,359,359,100,359
2011/06/27,359,366,359,366,3,500,366
2011/06/28,358,359,350,359,300,359
2011/06/29,361,365,361,365,200,365
2011/06/30,365,373,365,373,3,700,373
2015/08/24,715,727,699,703,143,500,703
2015/08/25,678,694,656,656,120,300,656
2015/08/26,653,666,646,663,123,400,663
2015/08/27,673,680,665,667,103,300,667
2015/08/28,685,694,676,694,63,400,694
2015/08/31,708,709,691,709,118,100,709
2015/09/01,702,709,689,689,119,300,689
2015/09/02,674,695,670,672,65,600,672
2015/09/03,677,689,661,664,82,800,664
2015/09/04,670,671,649,657,76,600,657
2015/09/07,650,660,648,659,70,600,659
2015/09/08,655,660,644,644,61,700,644
2015/09/09,656,667,654,667,64,100,667
2015/09/10,657,666,657,662,35,700,662
2015/09/11,660,678,660,675,96,100,675
2015/09/14,678,681,670,670,31,000,670
2015/09/15,670,681,670,675,44,200,675
2015/09/16,682,682,671,679,28,400,679
2015/09/17,679,691,678,691,49,800,691
2015/09/18,691,691,672,674,70,300,674
2015/09/24,674,682,670,673,76,200,673
2015/09/25,675,690,675,690,63,600,690
2015/09/28,690,704,683,697,62,200,697
2015/09/29,690,694,673,679,102,000,679
2015/09/30,685,688,676,681,40,900,681
2015/10/01,682,694,680,687,50,900,687
2015/10/02,682,694,681,688,35,900,688
2015/10/05,693,693,682,684,28,800,684
2015/10/06,692,698,684,685,32,800,685
2015/10/07,692,693,682,686,40,900,686
