2011/06/03,14,800,14,800,13,480,13,700,3,712,137
2011/06/16,12,650,12,910,12,630,12,900,228,129
2011/06/20,12,370,12,540,12,100,12,100,779,121
2011/06/29,12,750,12,960,12,500,12,800,736,128
2015/08/24,1,155,1,166,1,040,1,066,331,600,1,066
2015/08/25,1,006,1,095,985,1,021,435,500,1,021
2015/08/26,1,051,1,078,1,031,1,071,246,600,1,071
2015/08/27,1,092,1,120,1,082,1,089,194,400,1,089
2015/08/28,1,121,1,130,1,107,1,116,235,600,1,116
2015/08/31,1,119,1,122,1,094,1,117,155,500,1,117
2015/09/01,1,102,1,104,1,046,1,057,236,400,1,057
2015/09/02,1,027,1,067,1,010,1,030,218,100,1,030
2015/09/03,1,054,1,065,1,030,1,040,153,800,1,040
2015/09/04,1,040,1,041,982,992,285,600,992
2015/09/07,992,1,023,970,1,000,213,900,1,000
2015/09/08,1,000,1,021,980,983,118,100,983
2015/09/09,1,019,1,050,1,010,1,046,159,800,1,046
2015/09/10,1,016,1,063,1,016,1,060,148,600,1,060
2015/09/11,1,063,1,097,1,059,1,083,117,100,1,083
2015/09/14,1,085,1,094,1,053,1,068,102,800,1,068
2015/09/15,1,078,1,085,1,050,1,059,63,300,1,059
2015/09/16,1,072,1,072,1,037,1,039,45,700,1,039
2015/09/17,1,050,1,077,1,050,1,077,97,900,1,077
2015/09/18,1,075,1,082,1,060,1,082,111,100,1,082
2015/09/24,1,067,1,067,1,042,1,051,135,000,1,051
2015/09/25,1,035,1,078,1,035,1,078,118,600,1,078
