2011/06/03,309,309,305,307,4,100,307
2011/06/06,303,306,302,305,900,305
2011/06/07,303,304,303,304,1,900,304
2011/06/08,300,301,300,301,1,800,301
2011/06/09,301,303,300,302,1,300,302
2011/06/10,307,307,298,299,3,500,299
2011/06/13,295,298,290,291,11,000,291
2011/06/14,291,294,280,285,9,400,285
2011/06/15,290,292,290,292,4,700,292
2011/06/16,295,295,290,290,3,000,290
2011/06/17,295,295,292,292,500,292
2011/06/20,292,292,290,292,2,000,292
2011/06/21,298,298,287,290,8,400,290
2011/06/22,291,292,287,292,1,600,292
2011/06/23,292,294,288,293,3,900,293
2011/06/24,295,295,283,288,4,900,288
2011/06/27,286,293,286,289,1,500,289
2011/06/28,294,294,290,290,1,500,290
2011/06/29,290,303,290,294,9,400,294
2011/06/30,300,305,295,300,3,400,300
2015/08/24,1,012,1,078,1,012,1,065,12,800,1,065
2015/08/25,997,1,047,931,1,015,12,900,1,015
2015/08/26,1,015,1,015,992,992,4,800,992
2015/08/27,1,001,1,025,1,001,1,010,1,900,1,010
2015/08/28,1,011,1,023,1,011,1,020,1,000,1,020
2015/08/31,1,030,1,034,1,026,1,034,1,100,1,034
2015/09/01,1,034,1,034,1,022,1,029,1,000,1,029
2015/09/02,1,020,1,020,999,1,005,2,200,1,005
2015/09/03,1,030,1,030,1,010,1,010,500,1,010
2015/09/04,999,1,009,980,996,4,900,996
2015/09/07,983,992,952,989,2,300,989
2015/09/08,1,072,1,080,1,018,1,018,9,400,1,018
2015/09/09,1,018,1,024,1,000,1,017,4,200,1,017
2015/09/10,1,005,1,018,1,005,1,008,1,700,1,008
2015/09/11,1,000,1,020,1,000,1,013,2,000,1,013
2015/09/14,1,013,1,029,1,010,1,017,1,000,1,017
2015/09/15,1,019,1,020,1,015,1,015,700,1,015
2015/09/16,1,018,1,048,1,018,1,047,2,500,1,047
2015/09/17,1,055,1,062,1,048,1,062,3,300,1,062
2015/09/18,1,064,1,074,1,062,1,062,2,100,1,062
2015/09/24,1,062,1,070,1,053,1,053,2,300,1,053
2015/09/25,1,073,1,073,1,051,1,051,2,400,1,051
2015/09/28,1,048,1,048,1,035,1,048,700,1,048
2015/09/29,1,028,1,028,1,006,1,012,2,000,1,012
2015/09/30,1,026,1,030,1,026,1,027,1,000,1,027
2015/10/01,1,021,1,055,1,021,1,055,1,400,1,055
2015/10/02,1,051,1,054,1,051,1,054,200,1,054
2015/10/05,1,069,1,084,1,051,1,076,5,900,1,076
2015/10/06,1,099,1,120,1,082,1,092,5,300,1,092
2015/10/07,1,118,1,131,1,100,1,114,5,500,1,114
