2011/06/17,3,255,3,285,3,195,3,200,1,858,32
2011/06/24,3,265,3,315,3,240,3,300,950,33
2015/08/24,149,150,137,139,3,226,300,139
2015/08/25,133,148,128,134,2,804,500,134
2015/08/26,140,142,137,140,927,700,140
2015/08/27,141,144,138,139,1,245,100,139
2015/08/28,140,147,140,145,1,205,100,145
2015/08/31,145,149,144,148,654,800,148
2015/09/01,148,150,144,145,1,210,000,145
2015/09/02,141,148,141,145,1,015,100,145
2015/09/03,147,150,145,146,517,400,146
2015/09/04,146,147,141,143,903,000,143
2015/09/07,139,142,136,136,911,100,136
2015/09/08,136,142,135,137,571,900,137
2015/09/09,141,143,139,142,482,000,142
2015/09/10,139,144,138,144,350,700,144
2015/09/11,144,151,144,150,679,300,150
2015/09/14,150,154,147,150,595,600,150
2015/09/15,150,151,147,147,611,100,147
2015/09/16,149,149,143,143,652,700,143
2015/09/17,145,148,144,148,275,600,148
2015/09/18,148,148,143,146,534,600,146
2015/09/24,143,145,142,145,508,300,145
2015/09/25,145,146,142,146,323,100,146
