2011/06/06,307,310,303,310,42,692,31
2011/06/15,312,365,305,310,541,806,31
2015/08/24,109,112,100,100,4,169,900,100
2015/08/25,90,102,89,91,4,909,200,91
2015/08/26,94,99,93,99,2,600,800,99
2015/08/27,101,103,99,102,1,611,100,102
2015/08/28,103,109,103,106,1,726,700,106
2015/08/31,105,106,90,96,4,979,800,96
2015/09/01,97,98,94,96,4,500,000,96
2015/09/02,93,101,93,100,1,991,800,100
2015/09/03,102,105,99,101,2,019,200,101
2015/09/04,102,103,96,97,2,390,000,97
2015/09/07,95,97,93,95,1,226,300,95
2015/09/08,95,97,94,96,937,600,96
2015/09/09,99,101,98,100,1,073,600,100
2015/09/10,98,105,97,104,1,548,700,104
2015/09/11,102,105,102,105,1,119,800,105
2015/09/14,106,109,105,108,1,931,400,108
2015/09/15,116,120,109,110,7,468,800,110
2015/09/16,109,110,100,100,2,601,400,100
2015/09/17,102,104,102,103,895,800,103
2015/09/18,103,104,100,101,889,600,101
2015/09/24,98,99,97,98,781,000,98
2015/09/25,97,100,97,99,870,400,99
2015/09/28,99,101,98,100,364,000,100
2015/09/29,99,99,96,98,1,064,600,98
2015/09/30,98,99,97,98,366,900,98
2015/10/01,99,100,98,100,370,800,100
2015/10/02,99,102,98,102,677,100,102
2015/10/05,102,103,101,102,372,400,102
2015/10/06,103,103,101,102,581,200,102
2015/10/07,101,102,100,101,556,500,101
2015/10/08,101,102,100,101,366,300,101
2015/10/09,100,104,100,101,1,906,300,101
