2011/06/06,622,630,622,630,500,315
2011/06/09,619,620,618,620,900,310
2011/06/14,630,630,629,630,2,800,315
2011/06/17,630,638,630,630,400,315
2011/06/22,640,650,635,650,2,600,325
2011/06/24,653,658,653,658,800,329
2011/06/29,641,658,640,640,1,300,320
2011/06/30,630,640,630,640,800,320
2015/08/24,752,772,749,751,34,100,751
2015/08/25,683,765,681,726,48,800,726
2015/08/26,721,740,719,740,12,900,740
2015/08/27,780,800,770,780,18,900,780
2015/08/28,785,810,785,793,8,100,793
2015/08/31,790,791,777,783,7,500,783
2015/09/01,783,783,755,755,34,300,755
2015/09/02,720,757,719,744,16,400,744
2015/09/03,744,745,726,726,7,400,726
2015/09/04,725,725,688,697,18,100,697
2015/09/07,685,700,682,698,38,200,698
2015/09/08,689,694,675,680,35,200,680
2015/09/09,700,709,689,693,33,500,693
2015/09/10,690,699,683,685,19,400,685
2015/09/11,688,709,685,709,6,800,709
2015/09/14,720,729,712,713,6,200,713
2015/09/15,715,719,711,712,5,200,712
2015/09/16,713,715,702,702,3,900,702
2015/09/17,715,715,708,709,1,300,709
2015/09/18,709,709,693,709,7,200,709
2015/09/24,708,708,688,690,10,000,690
2015/09/25,700,700,686,692,11,600,692
2015/09/28,685,691,682,682,16,100,682
2015/09/29,684,690,666,666,12,100,666
2015/09/30,670,685,670,676,28,700,676
2015/10/01,675,680,670,676,6,300,676
2015/10/02,671,676,665,671,11,600,671
2015/10/05,674,685,670,675,10,200,675
2015/10/06,685,694,684,687,11,500,687
2015/10/07,682,691,682,687,9,200,687
2015/10/08,682,692,681,682,5,600,682
2015/10/09,682,692,680,691,19,100,691
