2011/06/03,822,000,822,000,817,000,817,000,682,408,500
2011/06/06,817,000,817,000,809,000,809,000,1,497,404,500
2011/06/07,810,000,815,000,806,000,815,000,1,432,407,500
2011/06/08,810,000,813,000,806,000,807,000,1,104,403,500
2011/06/09,808,000,814,000,805,000,810,000,776,405,000
2011/06/10,807,000,811,000,804,000,805,000,980,402,500
2011/06/13,804,000,809,000,802,000,809,000,556,404,500
2011/06/14,809,000,819,000,805,000,807,000,1,454,403,500
2011/06/15,811,000,814,000,810,000,814,000,345,407,000
2011/06/16,814,000,814,000,809,000,810,000,788,405,000
2011/06/17,811,000,814,000,803,000,803,000,981,401,500
2011/06/20,806,000,811,000,805,000,807,000,576,403,500
2011/06/21,809,000,809,000,805,000,809,000,629,404,500
2011/06/22,811,000,811,000,807,000,808,000,642,404,000
2011/06/23,809,000,813,000,808,000,808,000,961,404,000
2011/06/24,807,000,810,000,807,000,807,000,548,403,500
2011/06/27,807,000,809,000,803,000,803,000,863,401,500
2011/06/28,792,000,795,000,789,000,794,000,1,177,397,000
2011/06/29,791,000,795,000,787,000,787,000,1,987,393,500
2011/06/30,791,000,791,000,785,000,786,000,2,012,393,000
2015/08/24,515,000,523,000,504,000,506,000,5,038,506,000
2015/08/25,496,000,522,000,491,000,491,000,8,179,491,000
2015/08/26,501,000,507,000,495,500,500,000,6,375,500,000
2015/08/27,519,000,521,000,512,000,516,000,5,372,516,000
2015/08/28,528,000,538,000,519,000,537,000,6,263,537,000
2015/08/31,532,000,534,000,508,000,510,000,8,251,510,000
2015/09/01,516,000,516,000,506,000,510,000,6,315,510,000
2015/09/02,506,000,527,000,498,000,504,000,7,618,504,000
2015/09/03,511,000,518,000,509,000,512,000,6,478,512,000
2015/09/04,515,000,515,000,506,000,510,000,5,630,510,000
2015/09/07,510,000,510,000,501,000,505,000,4,007,505,000
2015/09/08,510,000,514,000,498,500,502,000,5,572,502,000
2015/09/09,512,000,513,000,500,000,506,000,4,519,506,000
2015/09/10,506,000,508,000,500,000,505,000,3,872,505,000
2015/09/11,519,000,527,000,513,000,524,000,4,337,524,000
2015/09/14,523,000,536,000,522,000,527,000,3,566,527,000
2015/09/15,531,000,539,000,528,000,538,000,4,358,538,000
2015/09/16,537,000,540,000,530,000,532,000,4,593,532,000
2015/09/17,539,000,542,000,535,000,540,000,3,052,540,000
2015/09/18,544,000,552,000,537,000,537,000,7,094,537,000
2015/09/24,544,000,553,000,539,000,552,000,6,142,552,000
2015/09/25,552,000,578,000,550,000,575,000,9,143,575,000
