2011/06/03,434,500,436,000,432,500,434,000,386,86,800
2011/06/06,436,000,437,500,428,000,429,000,647,85,800
2011/06/07,427,500,429,500,424,000,427,000,513,85,400
2011/06/08,429,000,429,000,422,500,423,500,603,84,700
2011/06/09,422,000,426,000,422,000,426,000,600,85,200
2011/06/10,420,500,425,500,420,500,422,000,861,84,400
2011/06/13,422,500,425,500,420,500,422,000,447,84,400
2011/06/14,424,500,429,500,417,000,417,000,1,245,83,400
2011/06/15,421,000,427,000,420,000,427,000,738,85,400
2011/06/16,427,000,429,000,424,000,425,500,509,85,100
2011/06/17,425,500,425,500,420,500,422,000,542,84,400
2011/06/20,420,500,425,500,419,500,421,500,586,84,300
2011/06/21,423,000,424,500,419,000,421,500,542,84,300
2011/06/22,423,500,427,000,422,000,426,000,464,85,200
2011/06/23,427,500,430,500,424,500,425,500,671,85,100
2011/06/24,423,000,427,000,423,000,424,500,349,84,900
2011/06/27,420,000,429,000,419,000,425,000,637,85,000
2011/06/28,424,000,437,000,424,000,437,000,608,87,400
2011/06/29,433,500,437,500,428,000,436,500,686,87,300
2011/06/30,439,000,444,000,437,000,444,000,1,038,88,800
2015/08/24,161,000,162,100,156,100,156,100,16,752,156,100
2015/08/25,152,500,155,000,152,200,152,300,35,902,152,300
2015/08/26,152,400,152,700,152,300,152,300,31,677,152,300
2015/08/27,152,000,153,200,150,000,150,500,11,239,150,500
2015/08/28,151,200,153,400,151,100,153,400,9,249,153,400
2015/08/31,153,800,153,800,151,700,153,000,6,550,153,000
2015/09/01,152,800,152,800,149,700,150,800,14,926,150,800
2015/09/02,149,400,149,500,145,100,146,200,38,827,146,200
2015/09/03,145,100,147,900,145,100,146,600,8,343,146,600
2015/09/04,147,600,147,700,144,900,145,500,8,251,145,500
2015/09/07,144,900,148,400,142,000,147,000,13,010,147,000
2015/09/08,146,800,146,900,142,300,143,100,8,168,143,100
2015/09/09,143,400,146,600,141,300,146,000,12,993,146,000
2015/09/10,145,600,145,900,142,600,145,700,6,789,145,700
2015/09/11,146,000,149,100,145,600,148,700,8,766,148,700
2015/09/14,146,600,150,600,146,500,148,700,8,243,148,700
2015/09/15,146,600,149,600,146,000,149,600,5,218,149,600
2015/09/16,149,600,150,700,148,400,149,200,8,404,149,200
2015/09/17,150,600,152,900,150,200,152,500,12,224,152,500
2015/09/18,153,000,154,200,151,700,153,100,13,165,153,100
2015/09/24,153,800,154,900,151,600,154,100,12,101,154,100
2015/09/25,153,600,159,000,153,600,159,000,10,404,159,000
2015/09/28,165,000,165,000,159,000,160,200,9,672,160,200
2015/09/29,160,300,160,900,155,100,158,300,16,112,158,300
2015/09/30,161,200,163,800,157,400,161,900,11,451,161,900
2015/10/01,163,700,166,900,162,300,166,200,11,496,166,200
2015/10/02,166,000,166,000,162,400,164,300,9,254,164,300
2015/10/05,164,100,164,800,161,900,164,800,7,915,164,800
2015/10/06,166,000,167,400,164,300,165,300,9,439,165,300
2015/10/07,164,100,165,200,160,600,161,700,6,019,161,700
