2011/06/03,732,000,733,000,720,000,724,000,96,362,000
2011/06/06,721,000,726,000,711,000,714,000,90,357,000
2011/06/07,714,000,728,000,692,000,721,000,204,360,500
2011/06/08,720,000,721,000,702,000,703,000,150,351,500
2011/06/09,701,000,710,000,701,000,702,000,31,351,000
2011/06/10,698,000,704,000,694,000,696,000,135,348,000
2011/06/13,694,000,700,000,689,000,693,000,72,346,500
2011/06/14,694,000,699,000,682,000,683,000,105,341,500
2011/06/15,686,000,701,000,683,000,692,000,89,346,000
2011/06/16,692,000,693,000,686,000,686,000,111,343,000
2011/06/17,684,000,695,000,683,000,685,000,81,342,500
2011/06/20,686,000,704,000,686,000,694,000,69,347,000
2011/06/21,702,000,704,000,692,000,692,000,85,346,000
2011/06/22,701,000,701,000,694,000,694,000,74,347,000
2011/06/23,693,000,693,000,683,000,683,000,99,341,500
2011/06/24,689,000,689,000,675,000,681,000,115,340,500
2011/06/27,681,000,689,000,680,000,680,000,76,340,000
2011/06/28,680,000,680,000,673,000,674,000,101,337,000
2011/06/29,675,000,684,000,670,000,672,000,387,336,000
2011/06/30,676,000,706,000,672,000,672,000,380,336,000
2015/08/24,391,000,393,000,365,000,375,500,748,375,500
2015/08/25,361,500,387,000,355,000,365,000,1,188,365,000
2015/08/26,367,500,374,000,353,000,356,500,974,356,500
2015/08/27,365,500,366,500,363,500,364,000,398,364,000
2015/08/28,367,000,376,000,365,500,370,000,592,370,000
2015/08/31,370,000,372,500,362,500,366,000,291,366,000
2015/09/01,364,500,364,500,351,000,353,000,596,353,000
2015/09/02,346,500,353,000,342,000,347,500,617,347,500
2015/09/03,345,500,351,500,338,500,341,500,1,087,341,500
2015/09/04,340,000,344,500,338,000,338,500,515,338,500
2015/09/07,331,500,340,000,327,500,336,000,590,336,000
2015/09/08,332,000,339,000,327,000,328,500,937,328,500
2015/09/09,332,500,337,000,329,500,330,500,999,330,500
2015/09/10,329,500,334,500,323,000,334,000,742,334,000
2015/09/11,337,500,343,000,334,500,339,500,1,003,339,500
2015/09/14,342,500,355,000,339,500,345,500,1,623,345,500
2015/09/15,339,500,350,000,339,500,342,500,1,601,342,500
2015/09/16,340,000,345,500,339,500,340,500,1,228,340,500
2015/09/17,347,500,354,500,345,500,348,500,1,182,348,500
2015/09/18,347,000,354,500,347,000,352,000,542,352,000
2015/09/24,355,000,363,000,350,500,356,500,1,520,356,500
2015/09/25,353,500,367,000,353,000,366,500,2,274,366,500
2015/09/28,357,500,365,000,357,500,360,000,2,090,360,000
2015/09/29,359,500,359,500,340,500,345,000,1,240,345,000
2015/09/30,354,500,362,500,350,000,359,000,835,359,000
2015/10/01,357,500,369,000,353,500,365,500,738,365,500
2015/10/02,368,500,368,500,359,000,364,000,1,244,364,000
2015/10/05,364,000,364,000,361,500,363,500,667,363,500
2015/10/06,365,500,377,000,365,500,374,000,943,374,000
2015/10/07,370,500,373,500,363,500,364,000,838,364,000
2015/10/08,369,500,370,000,364,500,364,500,801,364,500
