2011/06/03,331,000,334,500,331,000,333,000,183,333,000
2011/06/06,334,500,334,500,329,000,329,000,253,329,000
2011/06/07,329,000,330,000,324,500,327,500,538,327,500
2011/06/08,326,000,327,500,321,000,324,000,280,324,000
2011/06/09,326,000,326,500,320,500,320,500,300,320,500
2011/06/10,320,000,324,500,318,000,321,500,585,321,500
2011/06/13,320,500,321,500,315,000,315,500,484,315,500
2011/06/14,315,500,318,000,313,500,313,500,370,313,500
2011/06/15,313,000,314,000,310,500,312,000,854,312,000
2011/06/16,315,500,316,000,310,500,310,500,731,310,500
2011/06/17,310,500,312,000,301,000,301,000,760,301,000
2011/06/20,294,000,310,000,292,000,306,000,666,306,000
2011/06/21,307,000,314,000,307,000,312,500,506,312,500
2011/06/22,316,500,316,500,310,500,311,000,328,311,000
2011/06/23,309,000,309,000,304,500,307,000,639,307,000
2011/06/24,307,000,307,000,303,000,303,000,338,303,000
2011/06/27,302,500,303,000,295,700,300,500,821,300,500
2011/06/28,300,500,307,000,300,000,307,000,242,307,000
2011/06/29,306,500,310,000,304,000,309,000,531,309,000
2011/06/30,310,000,313,000,307,000,310,000,665,310,000
2015/08/24,553,000,560,000,539,000,541,000,1,190,541,000
2015/08/25,516,000,536,000,508,000,519,000,1,716,519,000
2015/08/26,524,000,528,000,509,000,513,000,1,530,513,000
2015/08/27,523,000,537,000,517,000,536,000,1,512,536,000
2015/08/28,536,000,542,000,529,000,534,000,2,287,534,000
2015/08/31,536,000,548,000,534,000,542,000,1,763,542,000
2015/09/01,534,000,538,000,522,000,522,000,758,522,000
2015/09/02,512,000,524,000,502,000,510,000,1,794,510,000
2015/09/03,511,000,520,000,508,000,511,000,1,065,511,000
2015/09/04,522,000,523,000,509,000,509,000,1,136,509,000
2015/09/07,507,000,507,000,497,000,501,000,803,501,000
2015/09/08,495,000,498,000,483,500,489,000,1,570,489,000
2015/09/09,495,000,499,500,489,500,493,000,1,482,493,000
2015/09/10,495,500,499,500,488,000,496,500,2,050,496,500
2015/09/11,504,000,515,000,500,000,508,000,2,608,508,000
2015/09/14,508,000,531,000,508,000,529,000,2,249,529,000
2015/09/15,530,000,539,000,523,000,539,000,1,281,539,000
2015/09/16,538,000,550,000,537,000,544,000,1,842,544,000
2015/09/17,544,000,552,000,543,000,548,000,1,385,548,000
2015/09/18,549,000,555,000,547,000,550,000,972,550,000
2015/09/24,540,000,568,000,540,000,562,000,1,973,562,000
2015/09/25,562,000,581,000,562,000,578,000,2,527,578,000
2015/09/28,580,000,588,000,572,000,580,000,1,703,580,000
2015/09/29,580,000,583,000,550,000,562,000,1,845,562,000
2015/09/30,572,000,574,000,560,000,569,000,1,691,569,000
2015/10/01,570,000,595,000,568,000,586,000,2,769,586,000
2015/10/02,578,000,587,000,570,000,580,000,1,427,580,000
2015/10/05,577,000,577,000,567,000,571,000,1,159,571,000
2015/10/06,572,000,579,000,571,000,574,000,1,699,574,000
2015/10/07,575,000,581,000,560,000,564,000,1,912,564,000
2015/10/08,558,000,561,000,549,000,554,000,1,415,554,000
2015/10/09,564,000,568,000,558,000,565,000,1,440,565,000
