2011/05/24,650,650,620,620,1,000,620
2011/05/25,640,640,640,640,100,640
2011/05/30,645,655,645,655,5,700,655
2011/05/31,649,649,639,639,3,900,639
2011/06/01,649,653,643,650,1,100,650
2011/06/02,646,646,639,641,700,641
2011/06/03,646,647,646,647,900,647
2011/06/07,650,650,650,650,100,650
2011/06/09,655,655,655,655,100,655
2011/06/13,665,665,665,665,100,665
2011/06/14,665,670,665,670,1,300,670
2011/06/15,672,672,671,671,200,671
2011/06/16,676,679,674,674,2,100,674
2011/06/17,675,675,675,675,100,675
2011/06/20,675,675,675,675,2,800,675
2011/06/21,656,656,656,656,100,656
2011/06/22,660,663,660,663,200,663
2011/06/27,674,674,671,671,1,000,671
2011/06/29,680,680,671,675,1,000,675
2011/06/30,674,674,650,660,6,300,660
2015/08/17,814,814,810,811,3,500,811
2015/08/18,813,813,810,810,3,200,810
2015/08/20,812,825,812,816,900,816
2015/08/21,831,831,815,815,1,400,815
2015/08/24,816,816,808,808,2,000,808
2015/08/25,805,805,789,789,6,300,789
2015/08/26,790,790,790,790,100,790
2015/08/27,799,805,799,805,1,200,805
2015/08/28,805,810,804,810,2,500,810
2015/08/31,810,810,804,804,3,900,804
2015/09/01,809,809,801,802,600,802
2015/09/02,802,802,802,802,500,802
2015/09/03,809,809,809,809,300,809
2015/09/04,814,814,814,814,1,000,814
2015/09/08,804,804,804,804,100,804
2015/09/09,810,815,810,815,2,300,815
2015/09/11,814,830,814,829,2,100,829
2015/09/16,820,820,820,820,200,820
2015/09/17,820,821,816,816,1,000,816
2015/09/18,817,817,817,817,3,000,817
2015/09/24,809,809,806,809,400,809
2015/09/25,809,815,809,815,1,800,815
2015/09/29,816,816,810,810,2,000,810
2015/09/30,825,825,824,824,3,400,824
2015/10/01,809,810,808,808,1,900,808
2015/10/02,823,823,807,810,900,810
2015/10/05,810,811,810,811,600,811
2015/10/06,811,811,811,811,1,000,811
2015/10/07,811,811,809,809,1,100,809
2015/10/08,809,809,809,809,200,809
