2011/06/03,572,576,560,560,397,000,560
2011/06/06,563,569,558,563,472,000,563
2011/06/07,562,568,559,566,269,000,566
2011/06/08,563,568,563,566,289,000,566
2011/06/09,567,567,555,558,323,000,558
2011/06/10,559,566,551,559,773,000,559
2011/06/13,559,559,552,559,287,000,559
2011/06/14,562,565,554,562,385,000,562
2011/06/15,560,560,548,550,531,000,550
2011/06/16,541,545,536,536,400,000,536
2011/06/17,537,538,524,529,527,000,529
2011/06/20,529,545,529,541,468,000,541
2011/06/21,546,547,539,544,419,000,544
2011/06/22,545,552,541,551,322,000,551
2011/06/23,545,550,541,546,346,000,546
2011/06/24,547,560,547,558,410,000,558
2011/06/27,558,562,548,550,394,000,550
2011/06/28,553,557,551,554,244,000,554
2011/06/29,564,573,561,573,711,000,573
2011/06/30,574,578,571,577,535,000,577
2015/08/24,1,418,1,441,1,377,1,378,1,374,800,1,378
2015/08/25,1,303,1,365,1,303,1,310,1,545,200,1,310
2015/08/26,1,311,1,333,1,290,1,324,1,202,400,1,324
2015/08/27,1,350,1,356,1,316,1,327,1,197,800,1,327
2015/08/28,1,364,1,376,1,341,1,355,783,300,1,355
2015/08/31,1,343,1,357,1,316,1,347,1,012,300,1,347
2015/09/01,1,351,1,368,1,296,1,296,873,300,1,296
2015/09/02,1,264,1,301,1,254,1,277,815,900,1,277
2015/09/03,1,319,1,345,1,297,1,302,1,422,500,1,302
2015/09/04,1,342,1,344,1,292,1,299,1,511,000,1,299
2015/09/07,1,275,1,294,1,255,1,282,686,200,1,282
2015/09/08,1,348,1,369,1,305,1,308,1,610,900,1,308
2015/09/09,1,359,1,397,1,349,1,395,1,196,400,1,395
2015/09/10,1,355,1,389,1,344,1,384,849,700,1,384
2015/09/11,1,369,1,421,1,363,1,414,1,185,300,1,414
2015/09/14,1,390,1,419,1,382,1,393,1,086,600,1,393
2015/09/15,1,390,1,414,1,374,1,382,734,000,1,382
2015/09/16,1,408,1,408,1,377,1,384,543,800,1,384
2015/09/17,1,384,1,388,1,356,1,372,700,700,1,372
2015/09/18,1,352,1,358,1,328,1,340,713,800,1,340
2015/09/24,1,319,1,342,1,305,1,305,571,200,1,305
2015/09/25,1,302,1,304,1,262,1,276,1,831,800,1,276
2015/09/28,1,295,1,308,1,277,1,302,1,973,500,1,302
2015/09/29,1,274,1,274,1,212,1,217,1,649,600,1,217
2015/09/30,1,268,1,268,1,241,1,243,835,300,1,243
2015/10/01,1,255,1,306,1,220,1,286,2,316,800,1,286
2015/10/02,1,298,1,299,1,254,1,260,1,080,000,1,260
2015/10/05,1,270,1,280,1,252,1,270,971,100,1,270
2015/10/06,1,280,1,313,1,278,1,302,1,004,100,1,302
2015/10/07,1,300,1,300,1,254,1,275,1,358,200,1,275
2015/10/08,1,276,1,276,1,240,1,249,1,506,100,1,249
