2011/05/23,248,248,242,242,200,242
2011/05/25,251,251,251,251,100,251
2011/05/26,251,251,251,251,1,000,251
2011/05/30,250,250,250,250,100,250
2011/06/01,250,250,250,250,100,250
2011/06/02,250,250,250,250,100,250
2011/06/06,242,242,242,242,400,242
2011/06/07,252,253,250,250,1,200,250
2011/06/13,242,242,242,242,100,242
2011/06/15,250,250,250,250,2,000,250
2011/06/16,250,250,250,250,2,000,250
2011/06/17,246,250,246,250,2,100,250
2011/06/20,250,250,250,250,800,250
2011/06/21,257,257,257,257,2,100,257
2011/06/22,233,245,233,242,16,900,242
2011/06/23,243,243,243,243,300,243
2011/06/27,244,246,244,246,300,246
2011/06/28,246,246,246,246,1,100,246
2011/06/29,246,246,246,246,100,246
2011/06/30,247,247,247,247,200,247
2015/08/24,383,385,355,355,14,200,355
2015/08/25,355,360,332,337,15,300,337
2015/08/26,349,358,333,345,24,200,345
2015/08/27,363,369,360,360,11,600,360
2015/08/28,366,382,362,382,13,000,382
2015/08/31,378,382,376,382,5,000,382
2015/09/01,382,382,361,361,8,200,361
2015/09/02,360,360,357,359,14,300,359
2015/09/03,367,367,363,363,1,200,363
2015/09/04,358,366,355,355,1,500,355
2015/09/07,354,354,345,350,2,800,350
2015/09/08,349,357,349,357,1,400,357
2015/09/09,356,361,356,361,8,800,361
2015/09/10,357,357,356,356,5,000,356
2015/09/11,357,364,356,359,5,700,359
2015/09/14,359,359,340,343,15,800,343
2015/09/15,351,356,349,354,7,400,354
2015/09/16,349,353,347,348,2,700,348
2015/09/17,352,352,345,350,12,300,350
2015/09/18,350,354,346,353,5,100,353
2015/09/24,348,359,343,359,3,000,359
2015/09/25,344,356,344,356,400,356
