2011/06/03,293,294,289,290,184,000,290
2011/06/06,289,292,289,291,103,000,291
2011/06/07,291,295,291,293,210,000,293
2011/06/08,293,296,293,296,190,000,296
2011/06/09,294,295,293,295,215,000,295
2011/06/10,296,298,294,294,358,000,294
2011/06/13,295,299,295,297,166,000,297
2011/06/14,299,302,298,301,197,000,301
2011/06/15,302,305,301,302,278,000,302
2011/06/16,302,303,297,298,260,000,298
2011/06/17,299,300,298,299,151,000,299
2011/06/20,302,303,301,302,201,000,302
2011/06/21,303,305,303,303,182,000,303
2011/06/22,303,305,302,305,191,000,305
2011/06/23,303,305,301,301,217,000,301
2011/06/24,301,304,301,303,121,000,303
2011/06/27,303,303,298,298,208,000,298
2011/06/28,302,306,301,305,391,000,305
2011/06/29,308,309,306,308,260,000,308
2011/06/30,309,315,306,315,281,000,315
2015/08/24,380,381,368,369,741,000,369
2015/08/25,361,361,341,341,1,613,000,341
2015/08/26,342,347,340,343,1,201,000,343
2015/08/27,347,361,346,358,1,441,000,358
2015/08/28,366,376,365,374,892,000,374
2015/08/31,371,373,367,369,661,000,369
2015/09/01,364,368,356,357,561,000,357
2015/09/02,352,361,350,352,625,000,352
2015/09/03,354,355,342,342,941,000,342
2015/09/04,343,345,338,340,602,000,340
2015/09/07,335,340,332,340,501,000,340
2015/09/08,341,344,334,335,615,000,335
2015/09/09,344,365,341,363,1,305,000,363
2015/09/10,351,367,349,364,639,000,364
2015/09/11,356,380,356,375,1,024,000,375
2015/09/14,367,375,365,369,508,000,369
2015/09/15,368,372,363,363,248,000,363
2015/09/16,364,366,361,364,161,000,364
2015/09/17,363,370,362,370,310,000,370
2015/09/18,362,364,358,361,412,000,361
2015/09/24,351,354,342,343,510,000,343
2015/09/25,347,356,347,356,423,000,356
