2011/06/03,12,13,12,12,71,000,12
2011/06/06,12,13,12,12,204,800,12
2011/06/07,12,13,12,12,49,800,12
2011/06/08,12,18,12,13,6,039,300,13
2011/06/09,13,13,11,12,1,743,300,12
2011/06/10,12,13,12,12,291,900,12
2011/06/13,12,12,11,11,292,000,11
2011/06/14,12,12,11,11,103,800,11
2011/06/15,11,12,11,12,235,000,12
2011/06/16,12,13,12,12,1,607,200,12
2011/06/17,12,12,11,12,536,700,12
2011/06/20,12,13,11,12,315,800,12
2011/06/21,12,13,12,12,152,900,12
2011/06/22,12,14,12,13,1,161,000,13
2011/06/23,13,14,13,13,73,000,13
2011/06/24,13,14,13,13,145,700,13
2011/06/27,13,14,13,13,124,000,13
2011/06/28,13,15,13,15,1,026,300,15
2011/06/29,15,15,13,14,1,235,200,14
2011/06/30,14,14,13,14,216,900,14
2015/08/24,15,15,13,13,7,396,100,13
2015/08/25,10,13,10,12,11,101,500,12
2015/08/26,12,14,12,14,4,717,100,14
2015/08/27,14,14,13,14,1,612,300,14
2015/08/28,14,15,13,14,2,656,500,14
2015/08/31,14,15,13,14,1,062,800,14
2015/09/01,13,14,13,13,809,900,13
2015/09/02,13,15,13,14,3,574,500,14
2015/09/03,14,15,14,14,1,107,400,14
2015/09/04,14,14,12,13,4,404,700,13
2015/09/07,13,14,12,13,2,183,700,13
2015/09/08,13,14,12,13,1,595,700,13
2015/09/09,13,14,13,13,1,227,200,13
2015/09/10,13,14,13,14,1,050,300,14
2015/09/11,13,14,13,14,1,025,800,14
2015/09/14,14,14,13,13,592,300,13
2015/09/15,13,14,13,13,1,246,700,13
2015/09/16,13,14,13,13,339,300,13
2015/09/17,14,15,13,14,5,829,200,14
2015/09/18,13,15,13,14,3,651,500,14
2015/09/24,14,14,13,14,788,500,14
2015/09/25,13,14,13,13,627,800,13
2015/09/28,14,16,14,15,4,029,400,15
2015/09/29,15,15,13,14,4,233,800,14
2015/09/30,14,15,13,14,2,668,300,14
2015/10/01,14,15,13,14,848,100,14
2015/10/02,14,14,13,14,938,200,14
2015/10/05,14,15,13,14,1,346,300,14
2015/10/06,14,15,14,14,2,137,100,14
2015/10/07,14,15,13,14,3,230,900,14
2015/10/08,14,14,13,14,876,500,14
2015/10/09,14,15,13,14,2,465,200,14
