2011/05/31,575,579,575,578,2,500,578
2011/06/01,578,578,573,573,1,100,573
2011/06/02,573,573,571,571,400,571
2011/06/03,570,573,570,573,900,573
2011/06/06,573,573,569,573,800,573
2011/06/07,572,573,571,573,1,200,573
2011/06/08,575,575,575,575,200,575
2011/06/09,572,574,571,572,700,572
2011/06/13,571,575,571,574,1,100,574
2011/06/14,576,578,573,573,400,573
2011/06/15,580,580,575,575,800,575
2011/06/16,580,580,576,576,700,576
2011/06/20,576,576,573,576,2,400,576
2011/06/21,578,579,578,579,400,579
2011/06/22,580,580,573,573,1,900,573
2011/06/24,575,598,575,598,3,600,598
2011/06/27,598,600,598,598,14,400,598
2011/06/28,600,600,598,598,900,598
2011/06/29,598,603,598,602,2,400,602
2011/06/30,602,602,600,602,400,602
2015/08/24,950,965,921,922,31,100,922
2015/08/25,890,926,890,890,21,100,890
2015/08/26,892,914,892,912,16,800,912
2015/08/27,930,950,922,927,21,300,927
2015/08/28,946,951,939,947,6,500,947
2015/08/31,955,955,938,942,12,500,942
2015/09/01,942,943,912,915,12,800,915
2015/09/02,900,933,900,910,7,200,910
2015/09/03,915,930,905,906,5,300,906
2015/09/04,906,911,892,895,11,800,895
2015/09/07,894,918,892,908,5,900,908
2015/09/08,908,928,900,901,9,600,901
2015/09/09,922,927,902,919,7,000,919
2015/09/10,908,915,902,905,4,000,905
2015/09/11,900,924,900,915,20,900,915
2015/09/14,924,932,911,911,5,500,911
2015/09/15,911,916,911,912,3,800,912
2015/09/16,927,927,910,914,5,300,914
2015/09/17,910,926,910,920,7,000,920
2015/09/18,911,922,903,904,6,300,904
2015/09/24,896,907,891,891,13,300,891
2015/09/25,891,903,891,902,9,700,902
2015/09/28,902,915,896,906,6,800,906
2015/09/29,895,900,887,887,6,600,887
2015/09/30,896,900,888,892,4,200,892
2015/10/01,893,906,887,898,7,900,898
2015/10/02,895,905,895,901,4,900,901
2015/10/05,914,914,903,908,4,000,908
2015/10/06,917,936,916,919,7,800,919
2015/10/07,924,925,918,924,4,000,924
2015/10/08,924,924,910,917,5,700,917
