2011/06/03,692,702,692,696,989,000,696
2011/06/06,699,706,698,705,966,000,705
2011/06/07,705,719,700,717,1,242,000,717
2011/06/08,716,722,711,719,680,000,719
2011/06/09,714,719,709,717,569,000,717
2011/06/10,720,730,717,721,1,325,000,721
2011/06/13,717,720,710,717,707,000,717
2011/06/14,717,722,713,717,639,000,717
2011/06/15,716,718,710,716,429,000,716
2011/06/16,717,722,714,717,545,000,717
2011/06/17,717,718,706,711,500,000,711
2011/06/20,711,719,709,714,516,000,714
2011/06/21,716,726,714,725,552,000,725
2011/06/22,725,734,724,733,408,000,733
2011/06/23,727,733,724,726,437,000,726
2011/06/24,723,730,723,725,399,000,725
2011/06/27,722,722,714,716,607,000,716
2011/06/28,718,728,717,727,503,000,727
2011/06/29,733,740,728,740,482,000,740
2011/06/30,744,752,743,751,655,000,751
2015/08/24,1,007,1,038,1,001,1,017,1,544,000,1,017
2015/08/25,970,1,046,958,975,1,880,000,975
2015/08/26,960,997,956,991,1,406,000,991
2015/08/27,1,002,1,013,994,1,006,1,025,000,1,006
2015/08/28,1,036,1,044,1,008,1,030,2,166,000,1,030
2015/08/31,1,020,1,020,1,003,1,016,739,000,1,016
2015/09/01,1,013,1,015,972,972,622,000,972
2015/09/02,953,990,946,974,844,000,974
2015/09/03,973,992,970,973,466,000,973
2015/09/04,980,981,946,956,870,000,956
2015/09/07,957,980,953,968,774,000,968
2015/09/08,968,976,958,963,708,000,963
2015/09/09,992,1,029,992,1,029,1,149,000,1,029
2015/09/10,998,1,021,992,1,018,812,000,1,018
2015/09/11,997,1,022,997,1,017,927,000,1,017
2015/09/14,1,020,1,039,1,006,1,009,502,000,1,009
2015/09/15,1,025,1,025,1,007,1,012,456,000,1,012
2015/09/16,1,022,1,022,1,005,1,013,439,000,1,013
2015/09/17,1,028,1,038,1,015,1,028,568,000,1,028
2015/09/18,1,025,1,031,1,000,1,001,851,000,1,001
2015/09/24,993,1,008,982,982,792,000,982
2015/09/25,980,993,962,987,714,000,987
2015/09/28,992,1,015,986,1,002,830,000,1,002
2015/09/29,989,991,951,973,1,461,000,973
2015/09/30,975,987,973,976,1,162,000,976
2015/10/01,985,1,010,975,1,006,1,053,000,1,006
2015/10/02,993,999,977,987,666,000,987
2015/10/05,988,988,961,973,808,000,973
2015/10/06,988,1,007,983,1,001,756,000,1,001
2015/10/07,1,001,1,002,981,991,729,000,991
2015/10/08,998,1,000,978,980,823,000,980
2015/10/09,988,1,003,984,1,002,760,000,1,002
