2011/05/20,56,400,56,400,56,400,56,400,4,564
2011/05/23,55,400,55,400,55,400,55,400,2,554
2011/05/26,56,400,57,000,56,400,57,000,5,570
2011/05/27,57,000,57,000,57,000,57,000,1,570
2011/05/30,57,000,57,000,56,000,56,000,5,560
2011/06/02,56,000,56,000,56,000,56,000,2,560
2011/06/06,56,000,56,000,56,000,56,000,7,560
2011/06/07,56,000,56,000,56,000,56,000,2,560
2011/06/08,56,000,56,000,56,000,56,000,1,560
2011/06/09,56,000,56,000,56,000,56,000,1,560
2011/06/10,56,000,56,000,56,000,56,000,3,560
2011/06/14,58,000,61,000,58,000,61,000,8,610
2011/06/15,60,000,60,500,60,000,60,500,2,605
2011/06/16,60,400,60,400,60,000,60,000,3,600
2011/06/17,60,000,60,000,60,000,60,000,1,600
2011/06/20,59,100,59,100,58,500,58,500,4,585
2011/06/24,58,500,58,500,58,500,58,500,1,585
2011/06/27,58,000,58,000,56,000,56,000,8,560
2011/06/29,58,000,58,000,58,000,58,000,3,580
2011/06/30,57,000,57,000,57,000,57,000,2,570
2015/08/24,564,564,539,541,11,100,541
2015/08/25,540,540,526,530,6,500,530
2015/08/26,528,560,525,550,10,700,550
2015/08/27,543,543,535,539,3,100,539
2015/08/28,540,560,540,558,1,400,558
2015/08/31,558,570,554,554,1,400,554
2015/09/01,551,551,551,551,400,551
2015/09/02,540,541,540,541,500,541
2015/09/03,559,559,545,545,1,800,545
2015/09/04,545,545,539,544,2,700,544
2015/09/07,539,545,539,541,2,400,541
2015/09/08,540,566,526,535,4,900,535
2015/09/09,532,549,532,540,1,800,540
2015/09/10,540,550,540,550,600,550
2015/09/11,555,555,554,554,500,554
2015/09/14,555,555,547,547,1,000,547
2015/09/15,580,580,563,567,11,300,567
2015/09/16,567,567,565,565,400,565
2015/09/17,565,566,562,566,2,000,566
2015/09/18,570,573,555,555,4,400,555
2015/09/24,552,563,545,548,5,300,548
2015/09/25,545,560,540,540,5,800,540
2015/09/28,515,532,514,525,5,200,525
2015/09/29,517,535,516,535,5,600,535
2015/09/30,537,538,537,537,500,537
2015/10/01,536,544,536,542,1,300,542
2015/10/02,542,542,516,525,7,600,525
2015/10/05,525,525,505,522,9,500,522
2015/10/06,522,526,514,523,3,000,523
2015/10/07,526,526,522,522,1,500,522
2015/10/08,526,527,523,525,1,300,525
2015/10/09,520,528,520,524,4,300,524
