2011/06/03,144,149,143,143,2,000,143
2011/06/06,144,145,144,145,300,145
2011/06/07,143,146,143,146,1,200,146
2011/06/08,148,149,141,149,2,100,149
2011/06/09,149,149,142,145,4,400,145
2011/06/10,143,143,143,143,100,143
2011/06/13,143,147,142,142,1,800,142
2011/06/14,147,149,143,149,5,500,149
2011/06/15,149,150,149,149,16,300,149
2011/06/16,143,147,143,144,3,600,144
2011/06/17,145,146,145,146,400,146
2011/06/20,145,145,145,145,300,145
2011/06/21,145,145,143,143,1,200,143
2011/06/22,146,146,145,145,400,145
2011/06/23,144,144,143,143,400,143
2011/06/24,146,148,146,148,1,600,148
2011/06/27,148,149,146,146,9,800,146
2011/06/28,146,146,145,145,1,900,145
2011/06/29,145,146,145,146,600,146
2011/06/30,148,148,147,147,700,147
2015/08/24,233,239,229,229,21,500,229
2015/08/25,210,228,209,217,23,900,217
2015/08/26,218,236,217,235,13,100,235
2015/08/27,238,241,234,234,31,500,234
2015/08/28,230,239,230,239,6,800,239
2015/08/31,237,247,231,235,8,500,235
2015/09/01,237,238,232,232,4,200,232
2015/09/02,232,236,210,225,9,300,225
2015/09/03,232,236,226,232,4,800,232
2015/09/04,226,235,226,231,2,200,231
2015/09/07,213,217,207,207,86,800,207
2015/09/08,203,208,202,203,38,200,203
2015/09/09,205,213,205,213,17,700,213
2015/09/10,210,210,205,207,18,400,207
2015/09/11,206,209,204,205,93,100,205
2015/09/14,225,285,214,284,4,063,700,284
2015/09/15,268,307,258,305,3,045,900,305
2015/09/16,333,385,325,385,23,315,000,385
2015/09/17,354,369,306,317,6,131,700,317
2015/09/18,333,397,329,329,8,248,900,329
2015/09/24,369,380,310,368,3,601,000,368
2015/09/25,332,338,294,318,1,791,800,318
2015/09/28,308,315,298,304,467,100,304
2015/09/29,299,305,282,290,472,700,290
2015/09/30,286,291,278,283,273,200,283
2015/10/01,289,300,276,276,248,200,276
2015/10/02,292,308,280,280,373,300,280
2015/10/05,281,289,277,277,111,800,277
2015/10/06,277,282,275,278,89,100,278
2015/10/07,282,293,279,290,117,000,290
