2011/06/03,31,200,31,800,31,150,31,200,4,577,312
2011/06/07,30,850,31,250,30,700,31,000,5,050,310
2011/06/13,29,950,30,750,29,950,30,500,3,482,305
2011/06/16,30,450,30,950,30,300,30,500,3,503,305
2011/06/17,30,900,30,950,30,500,30,600,7,954,306
2011/06/20,30,700,31,250,30,700,31,100,3,957,311
2011/06/21,31,250,31,850,30,950,31,800,6,968,318
2011/06/24,31,800,31,800,31,450,31,600,2,818,316
2011/06/29,32,450,32,650,32,050,32,600,3,409,326
2015/08/24,562,567,544,544,914,400,544
2015/08/25,521,537,513,514,1,005,000,514
2015/08/26,513,531,510,527,1,352,700,527
2015/08/27,534,563,534,539,1,547,000,539
2015/08/28,557,559,548,554,822,100,554
2015/08/31,553,556,541,551,737,300,551
2015/09/01,544,549,530,530,712,000,530
2015/09/02,520,525,506,508,1,446,900,508
2015/09/03,515,533,513,518,1,392,800,518
2015/09/04,523,527,510,518,1,061,700,518
2015/09/07,516,525,509,520,960,200,520
2015/09/08,526,536,522,524,908,100,524
2015/09/09,542,556,538,555,1,332,700,555
2015/09/10,540,549,533,545,795,500,545
2015/09/11,542,551,540,541,929,600,541
2015/09/14,546,557,541,541,680,200,541
2015/09/15,539,550,539,543,795,100,543
2015/09/16,551,556,548,556,1,236,800,556
2015/09/17,560,569,559,566,855,800,566
2015/09/18,562,567,557,559,1,402,100,559
2015/09/24,549,559,527,532,1,988,700,532
2015/09/25,541,560,539,554,2,786,500,554
2015/09/28,555,574,546,561,1,394,000,561
2015/09/29,552,553,540,548,1,289,400,548
2015/09/30,558,562,553,561,833,100,561
2015/10/01,564,579,562,572,864,700,572
2015/10/02,573,577,560,571,779,400,571
2015/10/05,574,575,563,570,912,900,570
2015/10/06,587,593,582,584,898,300,584
2015/10/07,589,600,584,599,1,070,600,599
2015/10/08,604,613,599,611,1,137,200,611
2015/10/09,621,625,612,623,1,083,800,623
