2011/05/26,210,224,210,215,1,300,215
2011/05/27,220,220,210,215,2,100,215
2011/05/30,216,216,215,215,4,100,215
2011/05/31,214,214,211,211,600,211
2011/06/01,211,217,211,217,400,217
2011/06/02,218,218,210,217,2,000,217
2011/06/03,212,218,212,212,5,400,212
2011/06/06,215,215,215,215,200,215
2011/06/07,211,215,211,215,700,215
2011/06/13,215,215,215,215,2,000,215
2011/06/16,210,210,210,210,1,000,210
2011/06/20,209,209,209,209,200,209
2011/06/21,202,204,198,198,15,100,198
2011/06/22,202,202,196,201,3,700,201
2011/06/23,201,207,200,203,2,800,203
2011/06/24,203,203,202,203,800,203
2011/06/27,204,206,204,206,1,800,206
2011/06/28,210,210,201,210,6,600,210
2011/06/29,210,213,207,213,4,800,213
2011/06/30,213,213,208,213,800,213
2015/08/24,334,342,320,320,25,200,320
2015/08/25,306,328,272,310,32,400,310
2015/08/26,339,339,306,328,13,700,328
2015/08/27,330,364,316,364,37,000,364
2015/08/28,379,379,365,366,13,700,366
2015/08/31,366,366,352,357,9,700,357
2015/09/01,352,363,351,351,11,400,351
2015/09/02,359,359,341,341,6,600,341
2015/09/03,361,361,331,335,21,900,335
2015/09/04,345,345,334,334,16,500,334
2015/09/07,332,340,325,332,10,800,332
2015/09/08,340,340,332,332,8,000,332
2015/09/09,340,360,340,357,13,000,357
2015/09/10,365,365,348,360,20,200,360
2015/09/11,364,376,364,373,8,400,373
2015/09/14,369,369,359,359,8,200,359
2015/09/15,357,365,357,365,4,300,365
2015/09/16,358,363,355,355,9,700,355
2015/09/17,348,353,344,351,12,800,351
2015/09/18,343,350,342,345,12,600,345
2015/09/24,337,341,336,338,18,400,338
2015/09/25,330,349,330,336,27,500,336
2015/09/28,321,328,315,325,21,000,325
2015/09/29,325,325,310,324,8,500,324
2015/09/30,321,329,317,318,6,900,318
2015/10/01,318,332,317,323,12,000,323
2015/10/02,323,323,315,323,3,000,323
2015/10/05,323,326,320,326,5,600,326
2015/10/06,326,331,317,320,12,000,320
2015/10/07,323,327,321,324,13,500,324
2015/10/08,329,329,323,323,6,700,323
