2011/06/03,351,354,341,342,734,400,342
2011/06/06,341,345,333,336,634,300,336
2011/06/07,335,340,335,338,411,900,338
2011/06/08,338,344,338,342,421,200,342
2011/06/09,343,344,338,340,409,800,340
2011/06/10,345,346,340,340,494,100,340
2011/06/13,338,338,332,335,470,700,335
2011/06/14,336,340,336,337,467,700,337
2011/06/15,342,343,339,340,454,400,340
2011/06/16,338,351,338,350,809,600,350
2011/06/17,356,356,341,346,855,200,346
2011/06/20,346,348,339,341,659,500,341
2011/06/21,342,349,342,344,453,400,344
2011/06/22,346,349,345,348,361,100,348
2011/06/23,347,349,342,345,671,100,345
2011/06/24,347,348,344,347,468,200,347
2011/06/27,345,348,344,344,674,200,344
2011/06/28,345,352,344,351,668,400,351
2011/06/29,353,364,353,362,972,800,362
2011/06/30,365,366,357,360,807,300,360
2015/08/24,1,610,1,663,1,561,1,563,1,468,200,1,563
2015/08/25,1,523,1,694,1,493,1,595,2,235,100,1,595
2015/08/26,1,675,1,695,1,605,1,671,2,267,800,1,671
2015/08/27,1,700,1,754,1,658,1,664,1,272,200,1,664
2015/08/28,1,712,1,727,1,679,1,721,1,144,800,1,721
2015/08/31,1,721,1,738,1,702,1,730,1,188,000,1,730
2015/09/01,1,707,1,713,1,615,1,616,1,160,500,1,616
2015/09/02,1,561,1,647,1,550,1,596,1,024,300,1,596
2015/09/03,1,650,1,657,1,608,1,619,992,500,1,619
2015/09/04,1,626,1,626,1,507,1,528,1,051,900,1,528
2015/09/07,1,507,1,543,1,475,1,512,1,044,800,1,512
2015/09/08,1,500,1,501,1,416,1,434,1,470,800,1,434
2015/09/09,1,501,1,517,1,468,1,512,1,279,800,1,512
2015/09/10,1,489,1,520,1,457,1,504,828,300,1,504
2015/09/11,1,495,1,605,1,486,1,573,1,438,200,1,573
2015/09/14,1,611,1,614,1,570,1,591,1,310,600,1,591
2015/09/15,1,596,1,596,1,522,1,525,1,058,100,1,525
2015/09/16,1,546,1,548,1,491,1,506,696,900,1,506
2015/09/17,1,515,1,565,1,506,1,554,1,005,200,1,554
2015/09/18,1,543,1,569,1,538,1,546,740,200,1,546
2015/09/24,1,509,1,560,1,500,1,532,1,009,900,1,532
2015/09/25,1,534,1,556,1,479,1,528,1,028,300,1,528
2015/09/28,1,528,1,547,1,505,1,534,730,200,1,534
2015/09/29,1,510,1,510,1,456,1,467,675,800,1,467
2015/09/30,1,495,1,554,1,494,1,544,985,200,1,544
2015/10/01,1,581,1,588,1,547,1,557,906,900,1,557
2015/10/02,1,553,1,584,1,538,1,557,473,900,1,557
2015/10/05,1,582,1,586,1,546,1,582,607,800,1,582
2015/10/06,1,600,1,657,1,600,1,651,1,097,200,1,651
2015/10/07,1,666,1,668,1,616,1,652,759,900,1,652
