2011/05/26,331,331,331,331,300,331
2011/05/27,331,331,331,331,200,331
2011/05/30,331,331,331,331,1,100,331
2011/05/31,331,331,331,331,300,331
2011/06/02,315,323,315,320,3,300,320
2011/06/03,329,338,329,338,2,500,338
2011/06/07,322,330,322,330,2,100,330
2011/06/08,326,326,326,326,100,326
2011/06/09,319,321,319,321,1,200,321
2011/06/10,333,333,333,333,300,333
2011/06/14,333,333,333,333,500,333
2011/06/17,325,333,325,333,4,500,333
2011/06/21,332,332,332,332,800,332
2011/06/22,330,330,330,330,100,330
2011/06/23,331,332,331,332,1,600,332
2011/06/24,332,332,332,332,100,332
2011/06/27,331,331,331,331,100,331
2011/06/28,331,331,331,331,2,000,331
2011/06/29,331,331,326,327,1,000,327
2011/06/30,330,330,330,330,700,330
2015/08/24,451,452,451,451,6,200,451
2015/08/25,451,451,439,439,6,200,439
2015/08/26,439,439,424,430,1,400,430
2015/08/27,442,450,440,450,3,400,450
2015/08/28,454,457,445,445,2,600,445
2015/08/31,446,454,446,446,500,446
2015/09/01,459,459,454,454,200,454
2015/09/02,460,460,443,443,1,900,443
2015/09/03,451,451,451,451,100,451
2015/09/04,458,458,458,458,100,458
2015/09/07,457,457,445,455,1,000,455
2015/09/08,458,458,458,458,100,458
2015/09/09,459,459,457,457,300,457
2015/09/10,457,458,455,458,500,458
2015/09/11,459,459,458,458,200,458
2015/09/14,459,460,457,459,400,459
2015/09/15,459,459,458,458,300,458
2015/09/16,455,455,455,455,100,455
2015/09/17,451,456,450,456,400,456
2015/09/18,458,458,447,451,1,200,451
2015/09/24,446,446,443,443,1,400,443
2015/09/25,445,445,430,444,3,400,444
2015/09/28,426,434,424,434,2,600,434
2015/09/29,434,434,430,430,300,430
2015/09/30,425,425,425,425,100,425
2015/10/01,429,435,412,413,2,300,413
2015/10/02,412,428,412,414,1,900,414
2015/10/05,408,417,408,417,2,200,417
2015/10/06,418,420,417,419,900,419
2015/10/07,418,420,418,419,1,300,419
2015/10/08,419,425,419,419,900,419
2015/10/09,419,426,419,419,2,600,419
