2011/06/03,1,177,1,191,1,160,1,164,973,900,1,164
2011/06/06,1,165,1,168,1,082,1,087,1,452,100,1,087
2011/06/07,1,099,1,133,1,081,1,113,1,355,400,1,113
2011/06/08,1,100,1,102,1,078,1,098,1,381,900,1,098
2011/06/09,1,083,1,091,1,023,1,077,2,249,100,1,077
2011/06/10,1,072,1,093,1,066,1,086,1,494,600,1,086
2011/06/13,1,069,1,075,1,040,1,068,1,302,300,1,068
2011/06/14,1,068,1,147,1,060,1,144,2,386,400,1,144
2011/06/15,1,150,1,179,1,123,1,163,2,029,700,1,163
2011/06/16,1,145,1,167,1,131,1,143,888,600,1,143
2011/06/17,1,138,1,165,1,124,1,165,1,199,400,1,165
2011/06/20,1,181,1,233,1,180,1,231,1,717,500,1,231
2011/06/21,1,243,1,289,1,236,1,285,1,926,600,1,285
2011/06/22,1,278,1,282,1,236,1,273,1,456,200,1,273
2011/06/23,1,254,1,259,1,230,1,239,801,800,1,239
2011/06/24,1,240,1,273,1,228,1,254,1,042,600,1,254
2011/06/27,1,255,1,261,1,228,1,229,625,400,1,229
2011/06/28,1,235,1,256,1,233,1,243,765,700,1,243
2011/06/29,1,268,1,293,1,263,1,293,1,039,100,1,293
2011/06/30,1,323,1,347,1,314,1,337,1,174,700,1,337
2015/08/24,1,281,1,312,1,248,1,249,1,861,600,1,249
2015/08/25,1,200,1,320,1,192,1,229,2,654,400,1,229
2015/08/26,1,239,1,288,1,234,1,282,1,807,500,1,282
2015/08/27,1,312,1,358,1,303,1,318,2,347,100,1,318
2015/08/28,1,344,1,355,1,325,1,346,1,218,400,1,346
2015/08/31,1,335,1,350,1,321,1,332,917,900,1,332
2015/09/01,1,315,1,320,1,245,1,245,1,211,800,1,245
2015/09/02,1,228,1,274,1,219,1,238,1,130,500,1,238
2015/09/03,1,249,1,286,1,248,1,251,904,000,1,251
2015/09/04,1,249,1,269,1,228,1,247,712,700,1,247
2015/09/07,1,247,1,278,1,231,1,267,828,000,1,267
2015/09/08,1,253,1,265,1,216,1,221,684,800,1,221
2015/09/09,1,261,1,267,1,224,1,263,1,059,600,1,263
2015/09/10,1,245,1,254,1,227,1,249,759,200,1,249
2015/09/11,1,223,1,257,1,223,1,245,800,000,1,245
2015/09/14,1,275,1,298,1,261,1,271,922,400,1,271
2015/09/15,1,289,1,291,1,253,1,265,650,400,1,265
2015/09/16,1,263,1,272,1,161,1,176,1,901,400,1,176
2015/09/17,1,178,1,196,1,158,1,189,865,300,1,189
2015/09/18,1,178,1,184,1,141,1,167,1,604,300,1,167
2015/09/24,1,130,1,155,1,116,1,121,1,320,600,1,121
2015/09/25,1,129,1,185,1,120,1,185,994,000,1,185
2015/09/28,1,172,1,203,1,160,1,184,715,300,1,184
2015/09/29,1,160,1,169,1,143,1,148,621,400,1,148
2015/09/30,1,159,1,163,1,119,1,159,1,002,700,1,159
2015/10/01,1,144,1,184,1,139,1,174,775,700,1,174
2015/10/02,1,156,1,181,1,143,1,168,568,300,1,168
2015/10/05,1,175,1,194,1,170,1,189,516,800,1,189
2015/10/06,1,205,1,226,1,188,1,219,909,400,1,219
2015/10/07,1,213,1,244,1,212,1,242,545,900,1,242
2015/10/08,1,241,1,250,1,224,1,230,645,500,1,230
