2011/05/09,1,270,1,270,1,270,1,270,100,1,270
2011/05/13,1,241,1,244,1,238,1,244,600,1,244
2011/05/16,1,236,1,236,1,236,1,236,200,1,236
2011/05/18,1,220,1,220,1,220,1,220,100,1,220
2011/05/20,1,214,1,214,1,201,1,201,300,1,201
2011/05/23,1,206,1,206,1,206,1,206,100,1,206
2011/05/26,1,206,1,206,1,206,1,206,200,1,206
2011/05/30,1,203,1,203,1,192,1,192,200,1,192
2011/05/31,1,219,1,219,1,219,1,219,100,1,219
2011/06/01,1,218,1,218,1,218,1,218,100,1,218
2011/06/02,1,206,1,206,1,206,1,206,200,1,206
2011/06/03,1,182,1,182,1,182,1,182,200,1,182
2011/06/06,1,201,1,201,1,199,1,199,300,1,199
2011/06/10,1,191,1,191,1,191,1,191,4,800,1,191
2011/06/16,1,203,1,203,1,203,1,203,300,1,203
2011/06/21,1,233,1,233,1,221,1,221,200,1,221
2011/06/22,1,200,1,228,1,200,1,228,1,900,1,228
2011/06/23,1,209,1,209,1,209,1,209,100,1,209
2011/06/27,1,211,1,211,1,211,1,211,700,1,211
2011/06/30,1,213,1,227,1,213,1,227,300,1,227
2015/08/24,1,638,1,647,1,600,1,600,8,800,1,600
2015/08/25,1,561,1,615,1,554,1,572,14,300,1,572
2015/08/26,1,612,1,612,1,570,1,581,7,500,1,581
2015/08/27,1,584,1,585,1,570,1,570,4,100,1,570
2015/08/28,1,610,1,647,1,581,1,589,5,500,1,589
2015/08/31,1,599,1,600,1,575,1,577,3,400,1,577
2015/09/01,1,577,1,590,1,571,1,571,4,900,1,571
2015/09/02,1,566,1,607,1,565,1,566,5,000,1,566
2015/09/03,1,568,1,589,1,550,1,557,5,900,1,557
2015/09/04,1,558,1,564,1,540,1,540,3,900,1,540
2015/09/07,1,524,1,561,1,524,1,532,4,400,1,532
2015/09/08,1,527,1,528,1,513,1,519,4,900,1,519
2015/09/09,1,539,1,539,1,520,1,529,3,900,1,529
2015/09/10,1,516,1,520,1,508,1,512,5,600,1,512
2015/09/11,1,515,1,531,1,515,1,530,6,900,1,530
2015/09/14,1,529,1,530,1,518,1,519,2,000,1,519
2015/09/15,1,529,1,529,1,515,1,522,2,000,1,522
2015/09/16,1,523,1,526,1,515,1,526,1,000,1,526
2015/09/17,1,530,1,538,1,522,1,534,2,300,1,534
2015/09/18,1,538,1,538,1,525,1,526,2,200,1,526
2015/09/24,1,517,1,517,1,507,1,507,2,100,1,507
2015/09/25,1,511,1,528,1,500,1,515,4,200,1,515
2015/09/28,1,529,1,531,1,525,1,529,2,800,1,529
2015/09/29,1,529,1,529,1,505,1,509,6,800,1,509
2015/09/30,1,530,1,530,1,500,1,527,2,100,1,527
2015/10/01,1,527,1,527,1,500,1,519,2,000,1,519
2015/10/02,1,507,1,530,1,507,1,527,1,800,1,527
2015/10/05,1,527,1,529,1,507,1,508,2,300,1,508
2015/10/06,1,508,1,522,1,505,1,514,2,300,1,514
2015/10/07,1,520,1,520,1,510,1,518,1,900,1,518
