2011/06/03,1,020,1,025,1,020,1,025,1,600,1,025
2011/06/06,1,015,1,018,1,015,1,018,300,1,018
2011/06/07,1,011,1,011,1,000,1,010,1,300,1,010
2011/06/08,1,000,1,010,997,1,005,1,700,1,005
2011/06/09,993,993,980,980,3,100,980
2011/06/10,979,979,955,965,3,600,965
2011/06/13,959,959,940,945,4,700,945
2011/06/14,945,960,940,945,14,000,945
2011/06/15,940,940,903,917,18,300,917
2011/06/16,915,915,875,876,11,200,876
2011/06/17,876,876,825,875,29,900,875
2011/06/20,860,862,815,821,16,600,821
2011/06/21,840,842,822,825,27,200,825
2011/06/22,830,840,819,827,29,400,827
2011/06/23,823,830,821,827,23,200,827
2011/06/24,842,875,835,869,24,200,869
2011/06/27,871,885,856,885,8,000,885
2011/06/28,885,915,884,900,6,100,900
2011/06/29,901,913,887,903,11,500,903
2011/06/30,900,908,888,888,6,000,888
2015/08/21,1,259,1,259,1,250,1,255,2,000,1,255
2015/08/24,1,224,1,233,1,211,1,215,3,600,1,215
2015/08/25,1,207,1,207,1,120,1,152,9,500,1,152
2015/08/26,1,155,1,171,1,153,1,157,2,900,1,157
2015/08/27,1,187,1,200,1,187,1,200,1,400,1,200
2015/08/28,1,170,1,226,1,170,1,226,800,1,226
2015/08/31,1,220,1,243,1,220,1,243,200,1,243
2015/09/01,1,242,1,242,1,212,1,212,200,1,212
2015/09/02,1,232,1,232,1,232,1,232,400,1,232
2015/09/03,1,212,1,215,1,212,1,215,300,1,215
2015/09/04,1,228,1,228,1,228,1,228,100,1,228
2015/09/07,1,198,1,224,1,198,1,224,200,1,224
2015/09/09,1,196,1,225,1,196,1,214,1,600,1,214
2015/09/10,1,212,1,212,1,205,1,210,300,1,210
2015/09/11,1,210,1,220,1,209,1,209,1,200,1,209
2015/09/14,1,215,1,239,1,215,1,221,1,400,1,221
2015/09/15,1,238,1,240,1,238,1,240,2,300,1,240
2015/09/16,1,245,1,245,1,245,1,245,400,1,245
2015/09/17,1,244,1,244,1,235,1,235,700,1,235
2015/09/18,1,245,1,245,1,226,1,240,400,1,240
2015/09/24,1,210,1,239,1,210,1,239,300,1,239
2015/09/25,1,209,1,239,1,209,1,218,4,900,1,218
2015/09/28,1,191,1,213,1,191,1,192,700,1,192
2015/09/29,1,193,1,193,1,193,1,193,200,1,193
2015/09/30,1,196,1,196,1,195,1,196,800,1,196
2015/10/01,1,200,1,200,1,200,1,200,100,1,200
2015/10/02,1,225,1,225,1,192,1,192,1,000,1,192
2015/10/05,1,180,1,213,1,180,1,185,800,1,185
2015/10/06,1,200,1,200,1,190,1,192,900,1,192
2015/10/08,1,205,1,205,1,205,1,205,100,1,205
