2011/06/03,816,845,795,795,2,100,795
2011/06/06,791,791,791,791,100,791
2011/06/07,791,791,757,760,1,200,760
2011/06/08,765,816,765,816,1,800,816
2011/06/09,816,816,800,816,700,816
2011/06/10,817,817,795,811,1,700,811
2011/06/13,826,826,815,815,400,815
2011/06/14,845,845,825,835,1,700,835
2011/06/15,839,839,815,819,1,200,819
2011/06/16,813,813,801,801,2,000,801
2011/06/17,800,802,800,800,500,800
2011/06/20,800,801,799,800,1,200,800
2011/06/21,805,805,798,799,1,900,799
2011/06/22,800,802,791,791,2,700,791
2011/06/23,791,791,772,780,4,300,780
2011/06/24,780,815,780,804,2,900,804
2011/06/27,810,810,804,805,2,700,805
2011/06/28,808,815,805,805,2,800,805
2011/06/29,804,804,775,775,6,500,775
2011/06/30,779,797,779,797,600,797
2015/08/21,3,430,3,535,3,400,3,430,2,500,3,430
2015/08/24,3,345,3,345,3,180,3,340,3,500,3,340
2015/08/25,3,130,3,300,3,000,3,300,15,600,3,300
2015/08/26,3,300,3,315,3,270,3,300,27,800,3,300
2015/08/27,3,300,3,340,3,280,3,300,26,600,3,300
2015/08/28,3,345,3,345,3,345,3,345,500,3,345
2015/08/31,3,345,3,500,3,310,3,500,6,400,3,500
2015/09/01,3,500,3,500,3,325,3,325,2,800,3,325
2015/09/02,3,255,3,300,3,210,3,300,900,3,300
2015/09/03,3,370,3,370,3,270,3,270,1,400,3,270
2015/09/04,3,270,3,275,3,220,3,220,800,3,220
2015/09/07,3,200,3,265,3,200,3,265,600,3,265
2015/09/09,3,205,3,205,3,110,3,120,3,200,3,120
2015/09/10,3,050,3,330,3,030,3,260,3,400,3,260
2015/09/11,3,330,3,330,3,205,3,300,1,500,3,300
2015/09/14,3,300,3,330,3,300,3,300,600,3,300
2015/09/15,3,300,3,340,3,300,3,330,800,3,330
2015/09/16,3,300,3,360,3,300,3,350,1,400,3,350
2015/09/17,3,370,3,370,3,300,3,300,900,3,300
2015/09/18,3,320,3,380,3,250,3,350,2,000,3,350
2015/09/24,3,350,3,350,3,350,3,350,400,3,350
2015/09/25,3,350,3,350,3,350,3,350,500,3,350
2015/09/28,3,350,3,550,3,350,3,550,7,900,3,550
2015/09/29,3,410,3,565,3,325,3,495,2,200,3,495
2015/09/30,3,425,3,600,3,425,3,600,22,500,3,600
2015/10/01,3,625,3,675,3,505,3,675,2,400,3,675
2015/10/05,3,815,3,815,3,815,3,815,400,3,815
2015/10/06,3,800,3,800,3,530,3,590,1,500,3,590
2015/10/07,3,590,3,590,3,590,3,590,100,3,590
2015/10/08,3,500,3,505,3,400,3,400,1,700,3,400
