2011/06/03,164,165,162,162,745,000,162
2011/06/06,161,162,158,158,601,000,158
2011/06/07,157,157,153,156,1,087,000,156
2011/06/08,154,155,152,154,609,000,154
2011/06/09,154,158,153,156,831,000,156
2011/06/10,157,161,156,158,3,241,000,158
2011/06/13,157,158,152,153,974,000,153
2011/06/14,152,156,152,155,953,000,155
2011/06/15,155,156,153,153,423,000,153
2011/06/16,153,155,153,153,478,000,153
2011/06/17,154,155,151,151,574,000,151
2011/06/20,152,153,152,152,284,000,152
2011/06/21,156,156,153,153,608,000,153
2011/06/22,153,158,153,158,847,000,158
2011/06/23,154,157,154,156,491,000,156
2011/06/24,158,161,157,160,509,000,160
2011/06/27,160,160,159,159,252,000,159
2011/06/28,161,161,155,156,699,000,156
2011/06/29,159,159,156,157,558,000,157
2011/06/30,157,159,156,158,431,000,158
2015/08/24,500,508,484,485,1,298,000,485
2015/08/25,471,495,460,466,1,782,000,466
2015/08/26,464,485,464,485,1,537,000,485
2015/08/27,496,499,480,489,1,894,000,489
2015/08/28,496,499,492,496,795,000,496
2015/08/31,496,497,488,496,617,000,496
2015/09/01,491,493,474,474,1,005,000,474
2015/09/02,463,481,463,469,1,000,000,469
2015/09/03,476,481,468,470,792,000,470
2015/09/04,471,474,463,468,1,092,000,468
2015/09/07,468,484,462,480,1,214,000,480
2015/09/08,481,484,468,468,792,000,468
2015/09/09,484,503,481,501,1,502,000,501
2015/09/10,487,503,484,500,997,000,500
2015/09/11,506,514,501,511,2,264,000,511
2015/09/14,516,530,511,522,1,341,000,522
2015/09/15,518,527,517,520,1,012,000,520
2015/09/16,520,527,519,525,698,000,525
2015/09/17,526,529,512,515,1,150,000,515
2015/09/18,515,519,507,511,626,000,511
2015/09/24,500,514,500,509,555,000,509
2015/09/25,513,520,509,520,1,182,000,520
