2011/06/03,376,379,375,376,14,600,376
2011/06/06,377,382,366,370,22,100,370
2011/06/07,371,373,365,366,15,200,366
2011/06/08,365,375,365,374,17,100,374
2011/06/09,374,374,370,372,6,600,372
2011/06/10,374,376,370,375,21,600,375
2011/06/13,369,370,368,369,9,600,369
2011/06/14,370,376,370,375,14,900,375
2011/06/15,375,378,374,377,10,600,377
2011/06/16,374,383,374,378,21,000,378
2011/06/17,380,381,377,377,8,300,377
2011/06/20,380,382,378,380,6,700,380
2011/06/21,382,382,380,382,10,900,382
2011/06/22,385,391,385,389,20,200,389
2011/06/23,389,390,386,388,12,300,388
2011/06/24,390,396,390,393,20,800,393
2011/06/27,395,398,394,396,29,000,396
2011/06/28,396,402,396,400,11,800,400
2011/06/29,403,410,403,407,15,300,407
2011/06/30,410,413,408,412,20,800,412
2015/08/24,997,1,024,947,950,33,400,950
2015/08/25,905,976,886,919,45,400,919
2015/08/26,949,964,897,916,54,400,916
2015/08/27,933,950,928,934,19,300,934
2015/08/28,964,995,964,989,20,100,989
2015/08/31,1,004,1,022,1,004,1,019,21,200,1,019
2015/09/01,1,016,1,019,976,982,31,000,982
2015/09/02,975,995,964,970,21,100,970
2015/09/03,970,985,951,952,17,600,952
2015/09/04,967,978,944,945,20,400,945
2015/09/07,935,960,926,948,14,100,948
2015/09/08,944,1,000,944,963,26,200,963
2015/09/09,967,985,946,975,43,000,975
2015/09/10,960,966,947,960,20,500,960
2015/09/11,971,978,961,973,26,800,973
2015/09/14,960,982,960,970,13,600,970
2015/09/15,972,993,972,980,12,800,980
2015/09/16,992,1,008,990,997,16,300,997
2015/09/17,984,1,006,984,1,003,13,300,1,003
2015/09/18,1,010,1,010,986,990,10,000,990
2015/09/24,970,983,936,936,36,900,936
2015/09/25,927,945,918,942,21,300,942
