2011/06/03,1,705,1,731,1,664,1,681,1,216,300,1,681
2011/06/06,1,681,1,724,1,674,1,717,905,100,1,717
2011/06/07,1,712,1,719,1,688,1,707,942,200,1,707
2011/06/08,1,706,1,720,1,680,1,715,706,800,1,715
2011/06/09,1,766,1,792,1,719,1,722,1,846,100,1,722
2011/06/10,1,729,1,761,1,722,1,758,1,434,300,1,758
2011/06/13,1,750,1,838,1,733,1,825,1,266,700,1,825
2011/06/14,1,821,1,833,1,778,1,783,1,752,600,1,783
2011/06/15,1,790,1,800,1,763,1,788,772,500,1,788
2011/06/16,1,771,1,811,1,771,1,794,585,800,1,794
2011/06/17,1,781,1,793,1,772,1,783,855,600,1,783
2011/06/20,1,793,1,809,1,775,1,788,413,500,1,788
2011/06/21,1,786,1,786,1,727,1,780,1,092,300,1,780
2011/06/22,1,795,1,877,1,794,1,873,1,174,700,1,873
2011/06/23,1,839,1,869,1,809,1,811,1,463,900,1,811
2011/06/24,1,799,1,842,1,781,1,840,1,003,500,1,840
2011/06/27,1,811,1,812,1,766,1,777,1,003,600,1,777
2011/06/28,1,768,1,783,1,746,1,763,1,093,500,1,763
2011/06/29,1,797,1,823,1,790,1,815,1,161,300,1,815
2011/06/30,1,839,1,856,1,835,1,851,1,077,100,1,851
2015/08/24,2,745,2,801,2,641,2,646,574,600,2,646
2015/08/25,2,600,2,747,2,576,2,637,1,309,900,2,637
2015/08/26,2,640,2,702,2,588,2,696,886,800,2,696
2015/08/27,2,748,2,778,2,716,2,750,504,300,2,750
2015/08/28,2,850,2,887,2,814,2,874,714,900,2,874
2015/08/31,2,875,2,905,2,807,2,850,840,100,2,850
2015/09/01,2,900,2,925,2,815,2,838,900,400,2,838
2015/09/02,2,772,2,858,2,759,2,806,527,800,2,806
2015/09/03,2,851,2,911,2,839,2,865,670,700,2,865
2015/09/04,2,866,2,911,2,768,2,813,1,057,300,2,813
2015/09/07,2,785,2,790,2,639,2,656,1,452,000,2,656
2015/09/08,2,661,2,678,2,525,2,537,963,000,2,537
2015/09/09,2,627,2,630,2,532,2,567,1,640,600,2,567
2015/09/10,2,548,2,577,2,481,2,569,1,200,000,2,569
2015/09/11,2,519,2,664,2,516,2,609,1,209,600,2,609
2015/09/14,2,602,2,622,2,561,2,594,772,900,2,594
2015/09/15,2,594,2,600,2,526,2,582,661,900,2,582
2015/09/16,2,580,2,584,2,434,2,457,1,310,600,2,457
2015/09/17,2,479,2,514,2,443,2,512,737,400,2,512
2015/09/18,2,493,2,506,2,439,2,449,397,200,2,449
2015/09/24,2,407,2,478,2,407,2,409,631,500,2,409
2015/09/25,2,436,2,464,2,420,2,464,501,500,2,464
2015/09/28,2,316,2,404,2,173,2,323,1,829,200,2,323
2015/09/29,2,323,2,395,2,262,2,267,791,100,2,267
2015/09/30,2,300,2,368,2,268,2,353,865,700,2,353
2015/10/01,2,373,2,384,2,260,2,305,842,500,2,305
2015/10/02,2,287,2,303,2,253,2,270,604,400,2,270
2015/10/05,2,297,2,337,2,268,2,325,671,200,2,325
2015/10/06,2,393,2,414,2,351,2,362,668,300,2,362
2015/10/07,2,398,2,416,2,318,2,362,822,200,2,362
