2011/04/04,381,381,381,381,2,000,381
2011/04/08,381,381,381,381,1,000,381
2011/04/14,386,386,386,386,1,000,386
2011/04/15,386,386,373,373,4,000,373
2011/04/18,380,380,380,380,1,000,380
2011/04/25,385,385,385,385,3,000,385
2011/04/26,385,385,385,385,1,000,385
2011/04/27,385,385,385,385,1,000,385
2011/04/28,385,385,385,385,1,000,385
2011/05/06,387,401,387,401,3,000,401
2011/05/09,386,386,386,386,1,000,386
2011/05/10,386,386,386,386,1,000,386
2011/05/11,387,387,386,386,2,000,386
2011/05/13,387,387,384,384,4,000,384
2011/05/17,388,388,388,388,1,000,388
2011/05/18,396,396,396,396,1,000,396
2011/05/30,388,388,388,388,1,000,388
2011/05/31,385,385,385,385,1,000,385
2011/06/03,386,386,386,386,1,000,386
2011/06/06,386,386,386,386,1,000,386
2015/08/24,896,897,860,860,15,900,860
2015/08/25,830,880,785,876,13,400,876
2015/08/26,877,908,863,908,7,600,908
2015/08/27,933,933,925,925,2,200,925
2015/08/28,930,933,911,931,3,300,931
2015/08/31,937,937,931,935,1,700,935
2015/09/01,935,950,916,916,6,300,916
2015/09/02,900,901,890,890,3,700,890
2015/09/03,900,909,883,883,1,700,883
2015/09/04,925,925,877,891,5,500,891
2015/09/07,880,907,876,877,2,200,877
2015/09/08,870,893,840,840,6,000,840
2015/09/09,885,887,847,853,3,200,853
2015/09/10,853,890,853,884,1,900,884
2015/09/11,891,891,865,865,1,700,865
2015/09/14,880,880,868,868,300,868
2015/09/15,861,867,861,867,500,867
2015/09/16,868,894,868,888,2,900,888
2015/09/17,873,888,873,881,700,881
2015/09/18,881,885,880,883,800,883
2015/09/24,888,890,880,880,900,880
2015/09/25,892,892,880,880,1,500,880
2015/09/28,890,891,890,891,1,800,891
2015/09/29,891,891,881,881,1,000,881
2015/09/30,900,900,899,899,1,900,899
2015/10/01,900,902,881,886,4,700,886
2015/10/02,900,900,895,895,600,895
2015/10/05,895,900,886,888,2,800,888
2015/10/06,900,900,891,892,1,000,892
2015/10/07,892,900,880,900,2,800,900
2015/10/08,901,901,901,901,300,901
2015/10/09,908,908,891,891,700,891
