2011/06/03,85,86,84,84,149,000,84
2011/06/06,84,85,83,83,131,000,83
2011/06/07,83,85,83,85,162,000,85
2011/06/08,84,85,83,83,124,000,83
2011/06/09,83,84,83,83,116,000,83
2011/06/10,83,84,83,83,242,000,83
2011/06/13,82,83,81,83,191,000,83
2011/06/14,83,84,82,83,178,000,83
2011/06/15,83,84,82,83,127,000,83
2011/06/16,83,84,83,83,130,000,83
2011/06/17,83,83,81,81,173,000,81
2011/06/20,81,82,81,81,113,000,81
2011/06/21,82,82,81,82,40,000,82
2011/06/22,82,87,82,87,508,000,87
2011/06/23,85,85,83,85,257,000,85
2011/06/24,85,85,84,84,145,000,84
2011/06/27,85,90,85,88,1,841,000,88
2011/06/28,88,93,85,87,3,022,000,87
2011/06/29,88,89,87,89,446,000,89
2011/06/30,90,92,89,91,1,018,000,91
2015/08/24,210,219,204,204,2,584,000,204
2015/08/25,197,218,194,201,2,958,000,201
2015/08/26,205,213,203,212,1,145,000,212
2015/08/27,215,219,210,213,860,000,213
2015/08/28,221,222,213,217,1,050,000,217
2015/08/31,218,219,214,219,710,000,219
2015/09/01,218,219,208,208,1,004,000,208
2015/09/02,201,213,200,209,1,215,000,209
2015/09/03,215,216,210,211,549,000,211
2015/09/04,214,214,202,206,837,000,206
2015/09/07,202,212,202,210,964,000,210
2015/09/08,212,214,207,210,872,000,210
2015/09/09,214,218,211,215,1,513,000,215
2015/09/10,211,218,206,217,1,488,000,217
2015/09/11,214,216,211,212,1,238,000,212
2015/09/14,216,232,212,227,2,885,000,227
2015/09/15,228,236,228,230,1,708,000,230
2015/09/16,232,233,224,227,1,006,000,227
2015/09/17,226,228,221,226,801,000,226
2015/09/18,230,233,226,231,1,297,000,231
2015/09/24,227,232,226,226,582,000,226
2015/09/25,226,229,223,228,630,000,228
