2011/06/03,3,725,3,785,3,725,3,745,915,700,3,745
2011/06/06,3,725,3,745,3,670,3,680,696,000,3,680
2011/06/07,3,690,3,725,3,685,3,720,754,500,3,720
2011/06/08,3,730,3,765,3,710,3,755,609,500,3,755
2011/06/09,3,755,3,785,3,730,3,770,775,900,3,770
2011/06/10,3,840,3,890,3,800,3,820,3,427,800,3,820
2011/06/13,3,800,3,815,3,760,3,780,385,700,3,780
2011/06/14,3,795,3,900,3,790,3,865,704,500,3,865
2011/06/15,3,845,3,860,3,800,3,825,726,600,3,825
2011/06/16,3,755,3,765,3,710,3,720,1,119,600,3,720
2011/06/17,3,755,3,755,3,660,3,685,1,063,800,3,685
2011/06/20,3,710,3,740,3,700,3,720,539,500,3,720
2011/06/21,3,765,3,805,3,755,3,790,956,800,3,790
2011/06/22,3,790,3,860,3,775,3,840,887,600,3,840
2011/06/23,3,820,3,865,3,805,3,815,676,600,3,815
2011/06/24,3,805,3,830,3,745,3,755,1,034,300,3,755
2011/06/27,3,725,3,755,3,720,3,725,543,000,3,725
2011/06/28,3,780,3,810,3,770,3,770,566,200,3,770
2011/06/29,3,845,3,850,3,795,3,830,526,500,3,830
2011/06/30,3,855,3,875,3,840,3,845,607,900,3,845
2015/08/24,7,650,7,785,7,428,7,473,1,224,600,7,473
2015/08/25,7,255,7,599,7,156,7,288,1,752,500,7,288
2015/08/26,7,214,7,420,7,165,7,397,1,290,200,7,397
2015/08/27,7,490,7,609,7,444,7,546,710,300,7,546
2015/08/28,7,696,7,723,7,584,7,712,681,600,7,712
2015/08/31,7,696,7,765,7,616,7,763,606,800,7,763
2015/09/01,7,758,7,787,7,505,7,505,648,400,7,505
2015/09/02,7,355,7,628,7,350,7,437,718,600,7,437
2015/09/03,7,566,7,615,7,425,7,434,401,600,7,434
2015/09/04,7,499,7,500,7,252,7,346,589,500,7,346
2015/09/07,7,350,7,547,7,287,7,509,871,800,7,509
2015/09/08,7,547,7,561,7,250,7,250,874,700,7,250
2015/09/09,7,500,7,728,7,406,7,728,1,066,000,7,728
2015/09/10,7,449,7,614,7,402,7,592,716,600,7,592
2015/09/11,7,588,7,742,7,564,7,637,2,104,400,7,637
2015/09/14,7,716,7,716,7,543,7,562,530,500,7,562
2015/09/15,7,590,7,765,7,590,7,680,592,900,7,680
2015/09/16,7,755,7,798,7,656,7,700,452,700,7,700
2015/09/17,7,727,7,757,7,598,7,735,561,300,7,735
2015/09/18,7,651,7,736,7,373,7,495,983,200,7,495
2015/09/24,7,292,7,381,7,269,7,277,1,114,300,7,277
2015/09/25,7,278,7,389,7,264,7,380,968,000,7,380
2015/09/28,7,345,7,408,7,203,7,280,922,900,7,280
2015/09/29,7,180,7,198,7,057,7,079,942,900,7,079
2015/09/30,7,159,7,199,7,038,7,169,858,600,7,169
2015/10/01,7,210,7,250,7,108,7,157,897,200,7,157
2015/10/02,7,080,7,196,7,064,7,193,587,800,7,193
2015/10/05,7,260,7,337,7,212,7,303,391,700,7,303
2015/10/06,7,404,7,418,7,236,7,312,829,900,7,312
2015/10/07,7,330,7,360,7,155,7,282,1,203,900,7,282
