2011/05/31,270,270,260,265,600,265
2011/06/01,262,262,261,261,300,261
2011/06/02,262,265,262,265,200,265
2011/06/07,265,265,265,265,100,265
2011/06/08,270,270,270,270,400,270
2011/06/09,267,267,267,267,100,267
2011/06/10,259,265,259,261,1,500,261
2011/06/13,267,276,267,275,500,275
2011/06/14,277,280,276,280,1,500,280
2011/06/15,280,280,266,272,6,700,272
2011/06/16,278,280,264,264,1,800,264
2011/06/20,264,264,264,264,200,264
2011/06/21,260,268,260,268,2,200,268
2011/06/22,268,278,268,278,700,278
2011/06/23,278,280,267,280,1,400,280
2011/06/24,280,280,279,280,5,500,280
2011/06/27,275,280,275,280,1,100,280
2011/06/28,269,269,257,260,6,500,260
2011/06/29,260,260,257,259,1,200,259
2011/06/30,260,260,251,259,1,400,259
2015/08/24,409,411,398,398,13,900,398
2015/08/25,387,393,370,389,16,400,389
2015/08/26,390,392,389,391,5,800,391
2015/08/27,399,405,394,400,6,200,400
2015/08/28,405,405,400,405,5,600,405
2015/08/31,406,406,397,400,3,100,400
2015/09/01,402,402,393,395,2,100,395
2015/09/02,395,399,390,394,4,500,394
2015/09/03,400,400,391,394,2,400,394
2015/09/04,395,395,385,387,2,900,387
2015/09/07,380,384,370,370,6,400,370
2015/09/08,371,372,369,369,4,500,369
2015/09/09,373,375,370,374,4,700,374
2015/09/10,370,375,370,373,5,500,373
2015/09/11,380,380,375,379,3,700,379
2015/09/14,386,386,380,385,3,500,385
2015/09/15,405,413,392,394,15,700,394
2015/09/16,394,404,385,385,5,700,385
2015/09/17,387,399,386,392,8,000,392
2015/09/18,400,404,386,387,10,100,387
2015/09/24,385,391,385,390,3,200,390
2015/09/25,403,403,392,392,4,800,392
