2011/03/31,385,385,385,385,2,000,385
2011/04/01,385,385,385,385,1,000,385
2011/04/05,377,377,367,367,6,000,367
2011/04/06,370,370,370,370,4,000,370
2011/04/08,368,368,368,368,1,000,368
2011/04/12,368,368,367,367,2,000,367
2011/04/13,370,370,370,370,1,000,370
2011/05/06,384,384,384,384,1,000,384
2011/05/16,373,373,373,373,1,000,373
2011/05/19,375,375,375,375,3,000,375
2011/05/23,380,382,380,382,3,000,382
2011/05/25,381,385,377,377,4,000,377
2011/05/26,379,380,379,380,2,000,380
2011/05/27,386,386,386,386,2,000,386
2011/05/31,386,386,386,386,4,000,386
2011/06/01,386,386,386,386,1,000,386
2011/06/03,390,390,390,390,1,000,390
2011/06/06,384,384,384,384,1,000,384
2011/06/13,390,390,390,390,1,000,390
2011/06/15,384,384,384,384,1,000,384
2015/08/21,868,868,855,860,10,600,860
2015/08/24,850,860,846,858,8,700,858
2015/08/25,783,857,761,837,11,900,837
2015/08/26,867,867,850,855,1,800,855
2015/08/27,865,880,864,869,2,400,869
2015/08/28,879,879,869,875,2,200,875
2015/08/31,875,875,858,870,2,500,870
2015/09/01,869,869,860,860,1,500,860
2015/09/02,854,856,853,856,1,900,856
2015/09/03,856,875,856,875,500,875
2015/09/04,875,875,851,851,2,400,851
2015/09/07,833,835,820,825,7,000,825
2015/09/08,810,848,810,825,1,900,825
2015/09/09,836,848,830,830,4,100,830
2015/09/10,830,837,830,835,1,300,835
2015/09/11,850,850,849,849,1,100,849
2015/09/14,850,855,850,851,1,600,851
2015/09/15,847,855,847,855,200,855
2015/09/17,850,853,850,853,1,700,853
2015/09/18,855,858,844,844,1,900,844
2015/09/24,844,844,839,839,800,839
2015/09/25,833,840,833,834,1,000,834
2015/09/28,859,859,859,859,100,859
2015/09/29,859,859,841,842,1,400,842
2015/09/30,857,859,844,854,2,700,854
2015/10/01,859,859,854,855,1,000,855
2015/10/02,842,844,836,836,3,000,836
2015/10/05,841,851,841,851,700,851
2015/10/06,855,855,848,855,500,855
2015/10/07,850,857,839,851,2,300,851
