2011/06/03,317,330,312,316,7,800,316
2011/06/06,315,319,314,319,2,600,319
2011/06/07,314,319,314,319,300,319
2011/06/08,309,318,309,318,1,800,318
2011/06/09,320,320,320,320,700,320
2011/06/10,310,319,310,319,3,800,319
2011/06/13,319,319,311,311,700,311
2011/06/14,312,312,310,310,300,310
2011/06/15,312,312,312,312,100,312
2011/06/16,313,342,301,331,33,300,331
2011/06/17,368,411,352,411,477,300,411
2011/06/20,491,491,482,491,478,900,491
2011/06/21,451,460,411,411,586,700,411
2011/06/22,410,411,374,394,401,600,394
2011/06/23,393,393,377,381,126,900,381
2011/06/24,380,383,370,376,103,900,376
2011/06/27,385,399,378,399,143,100,399
2011/06/28,402,415,380,389,149,600,389
2011/06/29,397,397,376,385,53,500,385
2011/06/30,379,385,363,373,83,600,373
2015/08/24,804,810,765,777,26,100,777
2015/08/25,732,819,732,815,32,700,815
2015/08/26,815,824,795,824,11,600,824
2015/08/27,830,854,830,844,12,000,844
2015/08/28,850,857,849,857,10,400,857
2015/08/31,851,856,840,856,3,900,856
2015/09/01,854,854,827,831,6,000,831
2015/09/02,824,829,820,822,8,800,822
2015/09/03,852,856,846,851,9,400,851
2015/09/04,851,851,821,831,8,500,831
2015/09/07,821,821,810,810,1,400,810
2015/09/08,820,820,810,810,2,500,810
2015/09/09,827,829,813,822,4,000,822
2015/09/10,821,821,817,821,4,800,821
2015/09/11,825,839,821,839,4,100,839
2015/09/14,839,855,839,853,1,800,853
2015/09/15,853,860,852,858,3,200,858
2015/09/16,858,863,852,863,1,800,863
2015/09/17,854,869,854,869,5,100,869
2015/09/18,867,867,863,863,6,400,863
2015/09/24,818,843,818,841,5,000,841
2015/09/25,856,857,828,841,5,100,841
2015/09/28,840,841,840,840,1,600,840
2015/09/29,839,839,809,817,2,000,817
2015/09/30,817,829,817,828,2,700,828
2015/10/01,840,840,840,840,100,840
2015/10/02,854,859,839,859,5,100,859
2015/10/05,856,859,843,850,2,700,850
2015/10/06,845,845,845,845,100,845
2015/10/07,845,850,845,845,1,000,845
2015/10/08,845,845,845,845,100,845
