2011/06/03,12,260,12,370,12,080,12,200,1,143,200,12,200
2011/06/06,12,200,12,220,11,860,11,900,544,000,11,900
2011/06/07,11,910,12,030,11,860,11,980,453,400,11,980
2011/06/08,11,990,12,000,11,840,11,890,356,400,11,890
2011/06/09,11,900,12,020,11,810,12,000,602,000,12,000
2011/06/10,12,140,12,240,12,040,12,060,2,389,200,12,060
2011/06/13,11,910,12,060,11,900,12,030,375,500,12,030
2011/06/14,11,970,12,260,11,950,12,160,404,600,12,160
2011/06/15,12,170,12,190,12,030,12,100,420,600,12,100
2011/06/16,11,970,12,110,11,970,12,030,392,800,12,030
2011/06/17,12,100,12,270,12,040,12,100,763,100,12,100
2011/06/20,12,140,12,230,12,100,12,100,432,600,12,100
2011/06/21,12,300,12,560,12,260,12,530,958,200,12,530
2011/06/22,12,600,12,670,12,570,12,620,619,100,12,620
2011/06/23,12,580,12,910,12,560,12,880,884,600,12,880
2011/06/24,12,880,12,960,12,840,12,910,684,400,12,910
2011/06/27,12,810,12,890,12,740,12,810,407,100,12,810
2011/06/28,12,940,12,960,12,880,12,930,425,100,12,930
2011/06/29,13,060,13,150,13,030,13,140,749,400,13,140
2011/06/30,13,110,13,170,12,950,12,970,643,000,12,970
2015/08/24,51,440,52,890,50,120,50,900,1,074,700,50,900
2015/08/25,49,900,51,450,47,660,47,975,1,550,200,47,975
2015/08/26,47,275,50,710,46,210,50,620,1,478,500,50,620
2015/08/27,51,000,51,380,49,620,50,290,749,100,50,290
2015/08/28,50,880,51,090,50,070,50,830,645,900,50,830
2015/08/31,50,430,50,640,48,890,49,265,700,000,49,265
2015/09/01,48,990,49,145,47,480,47,480,725,400,47,480
2015/09/02,46,845,49,595,46,680,48,400,946,400,48,400
2015/09/03,49,515,49,550,47,510,47,795,699,500,47,795
2015/09/04,48,150,48,345,46,120,46,465,667,100,46,465
2015/09/07,46,110,47,595,45,270,46,665,696,300,46,665
2015/09/08,47,155,47,270,45,125,45,170,608,900,45,170
2015/09/09,46,950,49,725,46,260,49,725,1,322,600,49,725
2015/09/10,47,625,47,995,45,960,46,925,1,201,700,46,925
2015/09/11,46,160,47,860,46,060,47,620,2,153,600,47,620
2015/09/14,48,060,48,250,46,020,46,365,672,500,46,365
2015/09/15,46,700,47,900,46,655,47,150,707,200,47,150
2015/09/16,47,550,47,885,45,895,46,375,660,100,46,375
2015/09/17,47,075,47,460,46,665,47,405,493,800,47,405
2015/09/18,46,710,47,245,46,160,46,160,570,000,46,160
2015/09/24,45,000,46,260,44,660,45,300,536,700,45,300
2015/09/25,45,410,46,800,45,410,46,800,769,700,46,800
2015/09/28,46,850,47,560,46,400,47,490,644,100,47,490
2015/09/29,47,140,47,370,46,690,47,150,960,200,47,150
2015/09/30,47,700,48,660,47,280,48,490,814,000,48,490
2015/10/01,48,370,49,940,48,030,49,300,808,500,49,300
2015/10/02,49,120,49,830,48,600,48,730,425,900,48,730
2015/10/05,49,260,49,940,49,110,49,730,515,100,49,730
2015/10/06,50,390,50,700,49,580,50,590,606,400,50,590
2015/10/07,49,750,50,190,48,910,49,800,667,900,49,800
