2011/06/03,336,338,333,333,13,300,333
2011/06/06,331,334,328,330,11,600,330
2011/06/07,330,331,329,331,5,200,331
2011/06/08,329,333,329,331,6,300,331
2011/06/09,330,333,329,332,7,100,332
2011/06/10,336,338,318,327,32,900,327
2011/06/13,327,328,324,324,12,100,324
2011/06/14,324,328,324,326,8,900,326
2011/06/15,327,329,324,324,6,700,324
2011/06/16,325,325,321,321,10,700,321
2011/06/17,326,326,315,315,14,500,315
2011/06/20,319,319,312,313,8,900,313
2011/06/21,315,326,315,326,10,400,326
2011/06/22,328,330,326,330,15,500,330
2011/06/23,331,338,328,338,22,600,338
2011/06/24,338,339,330,334,19,600,334
2011/06/27,337,339,330,331,20,000,331
2011/06/28,332,335,330,330,12,200,330
2011/06/29,338,340,332,340,21,700,340
2011/06/30,344,348,341,346,17,900,346
2015/08/24,1,051,1,088,1,005,1,018,85,400,1,018
2015/08/25,973,1,129,952,1,045,170,000,1,045
2015/08/26,1,044,1,067,1,022,1,046,85,900,1,046
2015/08/27,1,064,1,082,1,049,1,051,38,900,1,051
2015/08/28,1,060,1,103,1,060,1,090,52,500,1,090
2015/08/31,1,091,1,100,1,072,1,090,34,700,1,090
2015/09/01,1,098,1,100,1,046,1,049,54,400,1,049
2015/09/02,1,035,1,068,1,016,1,020,69,200,1,020
2015/09/03,1,050,1,070,1,040,1,061,50,900,1,061
2015/09/04,1,075,1,092,1,045,1,060,61,300,1,060
2015/09/07,1,049,1,060,990,996,71,300,996
2015/09/08,990,998,948,951,71,100,951
2015/09/09,979,1,015,978,1,013,50,300,1,013
2015/09/10,997,1,027,995,1,021,28,200,1,021
2015/09/11,1,021,1,052,1,021,1,047,57,300,1,047
2015/09/14,1,048,1,065,1,036,1,045,41,000,1,045
2015/09/15,1,047,1,056,1,042,1,043,16,500,1,043
2015/09/16,1,047,1,073,1,047,1,073,31,500,1,073
2015/09/17,1,088,1,104,1,080,1,095,38,700,1,095
2015/09/18,1,076,1,086,1,061,1,078,24,600,1,078
2015/09/24,1,075,1,098,1,058,1,058,58,300,1,058
2015/09/25,1,049,1,079,1,049,1,077,44,300,1,077
2015/09/28,1,065,1,067,1,040,1,053,26,500,1,053
2015/09/29,1,042,1,050,1,014,1,016,46,400,1,016
2015/09/30,1,025,1,049,1,015,1,028,20,700,1,028
2015/10/01,1,035,1,054,1,030,1,043,30,600,1,043
2015/10/02,1,039,1,081,1,032,1,078,27,900,1,078
2015/10/05,1,077,1,087,1,068,1,080,14,700,1,080
2015/10/06,1,081,1,111,1,081,1,089,21,300,1,089
2015/10/07,1,089,1,103,1,077,1,096,20,700,1,096
2015/10/08,1,112,1,114,1,082,1,092,34,900,1,092
